-122.42006599999999 37.787901
-122.420533 37.790343
-122.42031999999999 37.797599
-122.418595 37.789639
-122.423146 37.790777
-122.418856 37.789421000000004
-122.42092199999999 37.790186
-122.42072399999999 37.789305
-122.415783 37.790305
-122.419074 37.789634
-122.42546081542999 37.789535522461
-122.42818100000001 37.788076000000004
-122.42683410645 37.785415649414
-122.42693999999999 37.796719
-122.42075200000001 37.795029
-122.421154 37.788483
-122.419445 37.788709000000004
-122.42146299999999 37.786976
-122.42433700000001 37.78761
-122.42546100000001 37.794685
-122.427177 37.796402
-122.42601 37.797089
-122.42303100000001 37.787763
-122.42235900000001 37.788275
-122.41615300000001 37.785348
-122.41691100000001 37.79038
-122.41859436035 37.78678894043
-122.41753999999999 37.787223
-122.42923 37.787754
-122.422059 37.785503999999996
-122.419948 37.788659
-122.416797 37.78546
-122.424834 37.786019
-122.42683410645 37.785415649414
-122.41859436035 37.785415649414
-122.41722106933999 37.785415649414
-122.42078000000001 37.791146999999995
-122.416242 37.789037
-122.42008 37.788902
-122.417635 37.786587
-122.41636299999999 37.79623
-122.418935 37.789182000000004
-122.423654 37.794812
-122.415322 37.788052
-122.419331 37.788782
-122.417704 37.792274
-122.416926 37.793217999999996
-122.42316799999999 37.789519
-122.420248 37.790827
-122.42958068848 37.793655395508
-122.42759699999999 37.798538
-122.427109 37.795578000000006
-122.428379 37.796402
-122.42134094238001 37.797775268555
-122.41766100000001 37.78649
-122.424049 37.785859
-122.416444 37.787988
-122.417418 37.789782
-122.418457 37.786317
-122.421954 37.786402
-122.41584777832001 37.788162231445
-122.42546081542999 37.788162231445
-122.42546081542999 37.788162231445
-122.42546081542999 37.788162231445
-122.42935200000001 37.797775
-122.424676 37.798559999999995
-122.42271399999998 37.79221
-122.42408752441001 37.788162231445
-122.42518600000001 37.798874
-122.4227142334 37.789535522461
-122.422867 37.790451000000004
-122.42820739746 37.789535522461
-122.427292 37.798233
-122.42271399999998 37.791481
-122.42408752441001 37.79914855957
-122.41756399999998 37.795029
-122.42385900000001 37.791824
-122.41584777832001 37.79914855957
-122.41914399999999 37.795029
-122.418213 37.79678300000001
-122.42408752441001 37.788162231445
-122.42820739746 37.797775268555
-122.42408799999998 37.795578000000006
-122.42408799999998 37.797958
-122.41790800000001 37.793929999999996
-122.42546081542999 37.78678894043
-122.42546081542999 37.788162231445
-122.42683410645 37.788162231445
-122.42408752441001 37.796401977539
-122.42408752441001 37.797775268555
-122.42134094238001 37.797775268555
-122.42820739746 37.788162231445
-122.42683410645 37.788162231445
-122.42546081542999 37.789535522461
-122.42134094238001 37.788162231445
-122.422256 37.789536
-122.421341 37.786961
-122.417221 37.78644600000001
-122.423401 37.790394
-122.42134094238001 37.788162231445
-122.41722106933999 37.789535522461
-122.42134094238001 37.789535522461
-122.418594 37.788358
-122.42134094238001 37.78678894043
-122.417221 37.790909
-122.41584777832001 37.785415649414
-122.417327 37.788374
-122.42123500000001 37.790909
-122.415848 37.787377
-122.4227142334 37.788162231445
-122.42546081542999 37.789535522461
-122.42408799999998 37.787064
-122.41722106933999 37.790908813477
-122.42958068848 37.788162231445
-122.41722106933999 37.789535522461
-122.42134094238001 37.789535522461
-122.42145500000001 37.788162
-122.42134094238001 37.790908813477
-122.42271399999998 37.787819
-122.423126 37.7883
-122.418594 37.788243
-122.41879099999998 37.788457
-122.41996765136999 37.789535522461
-122.41722106933999 37.789535522461
-122.42376999999999 37.785816
-122.42958068848 37.788162231445
-122.42958068848 37.788162231445
-122.42958068848 37.788162231445
-122.42196799999999 37.793838
-122.42828 37.795928
-122.42958068848 37.788162231445
-122.42958068848 37.785415649414
-122.42958068848 37.788162231445
-122.42096599999999 37.785855
-122.41774199999999 37.78503900000001
-122.42820739746 37.785415649414
-122.42820739746 37.788162231445
-122.417433 37.787048999999996
-122.422071 37.79626500000001
-122.420068 37.792970000000004
-122.42940800000001 37.787371
-122.42702 37.787553
-122.425046 37.788575
-122.41803200000001 37.787981
-122.42233999999999 37.790146
-122.418526 37.791267
-122.42453300000001 37.798655
-122.42915500000001 37.788031
-122.42683410645 37.78678894043
-122.42683410645 37.785415649414
-122.4227142334 37.792282104492
-122.42408752441001 37.795028686523
-122.42408752441001 37.785415649414
-122.4227142334 37.78678894043
-122.41721100000001 37.792215
-122.421322 37.785118
-122.423654 37.787738
-122.42329199999999 37.785053999999995
-122.41976799999999 37.785224
-122.42271399999998 37.797089
-122.42420200000001 37.798782
-122.42616899999999 37.797067
-122.42923700000001 37.785346999999994
-122.424038 37.788015
-122.4175 37.797473
-122.41809199999999 37.78846400000001
-122.421504 37.789699
-122.42134094238001 37.78678894043
-122.415848 37.785323999999996
-122.422734 37.791818
-122.428992 37.785416
-122.425919 37.798462
-122.417331 37.786953999999994
-122.41722106933999 37.790908813477
-122.41813700000002 37.78873400000001
-122.420019 37.791011
-122.42229499999999 37.788353
-122.420744 37.790431
-122.42156999999999 37.790909
-122.422371 37.790051
-122.424676 37.78777
-122.421244 37.791731
-122.42970600000001 37.797775
-122.429672 37.797958
-122.424774 37.799149
-122.417077 37.795896
-122.42408752441001 37.79914855957
-122.41906999999999 37.795821000000004
-122.423454 37.786789
-122.427403 37.788134
-122.424912 37.796677
-122.419847 37.789334000000004
-122.42683400000001 37.793067
-122.424462 37.786789
-122.415609 37.787147
-122.42134094238001 37.78678894043
-122.416878 37.790909
-122.416436 37.799737
-122.42408799999998 37.789993
-122.425886 37.787051
-122.426147 37.799492
-122.417221 37.790737
-122.422104 37.796555
-122.42161599999999 37.799423
-122.42896 37.795308
-122.42242399999999 37.791702
-122.42986699999999 37.795106
-122.42708300000001 37.796453
-122.428975 37.799485
-122.42415 37.795403
-122.424252 37.796237
-122.42181799999999 37.796553
-122.423538 37.787155
-122.42038000000001 37.795534
-122.42408799999998 37.798634
-122.427521 37.79789
-122.415848 37.786102
-122.421341 37.787247
-122.42398200000001 37.790975
-122.421951 37.788925
-122.42363 37.786484
-122.42233999999999 37.792407
-122.421341 37.786984999999994
-122.41624099999999 37.795534
-122.42408799999998 37.798462
-122.418806 37.788162
-122.42951699999999 37.785282
-122.425069 37.791391
-122.425919 37.795029
-122.42746000000001 37.793081
-122.42578600000002 37.798009
-122.42145500000001 37.78862
-122.42743700000001 37.797933
-122.42736200000002 37.793760999999996
-122.42819899999999 37.796428999999996
-122.423569 37.789775
-122.41905200000001 37.789993
-122.416242 37.79003
-122.418692 37.78826
-122.427012 37.797374
-122.42101000000001 37.795609999999996
-122.41689299999999 37.787647
-122.41776200000001 37.791743
-122.417346 37.797775
-122.420654 37.786789
-122.429235 37.796827
-122.42546081542999 37.78678894043
-122.42546081542999 37.790908813477
-122.429581 37.787247
-122.41584777832001 37.790908813477
-122.420496 37.794579999999996
-122.42781699999999 37.797756
-122.422028 37.797089
-122.41685600000001 37.790125
-122.42251599999999 37.793616
-122.42691200000002 37.797163
-122.42407800000001 37.796367
-122.423014 37.799655
-122.42881200000001 37.789123
-122.425172 37.790156
-122.415631 37.78896500000001
-122.419878 37.788808
-122.41724099999999 37.795306
-122.416253 37.787942
-122.41729299999999 37.786359999999995
-122.41508300000001 37.785753
-122.417674 37.78543
-122.417282 37.790644
-122.417947 37.78712
-122.41611699999999 37.785167
-122.427522 37.788899
-122.429973 37.793240999999995
-122.42055800000001 37.79052100000001
-122.418283 37.786604
-122.41663799999999 37.785795
-122.41798100000001 37.793143
-122.421071 37.790546
-122.423286 37.787445
-122.420006 37.787254
-122.41535900000001 37.78904
-122.41748999999999 37.794761
-122.42282900000001 37.789413
-122.41793600000001 37.790492
-122.419347 37.79539000000001
-122.418598 37.785339
-122.41648899999998 37.794715999999994
-122.420654 37.785416
-122.418277 37.797155
-122.42638600000001 37.795018
-122.419533 37.794962
-122.42565900000001 37.796295
-122.416274 37.78556500000001
-122.425005 37.798737
-122.427269 37.794334
-122.42301100000002 37.794906
-122.42581200000001 37.789928
-122.426257 37.78583
-122.417397 37.788086
-122.41711399999998 37.789821999999994
-122.41595 37.797625
-122.417927 37.788862
-122.421158 37.7906
-122.421158 37.7906
-122.422478 37.78964600000001
-122.423782 37.788425
-122.42243899999998 37.791767
-122.41691599999999 37.790993
-122.41811799999999 37.790081
-122.42218799999999 37.791343
-122.429272 37.798663
-122.427447 37.794942999999996
-122.417709 37.786121
-122.42325600000001 37.789334000000004
-122.421783 37.787890999999995
-122.42978400000001 37.790918
-122.424198 37.787014
-122.42123400000001 37.78816
-122.419925 37.790946999999996
-122.42531399999999 37.789958
-122.415424 37.787365
-122.417631 37.785006
-122.422096 37.795803
-122.41563799999999 37.790177
-122.426069 37.786486
-122.422799 37.791329
-122.42488600000001 37.796738
-122.42853899999999 37.799593
-122.415628 37.785002
-122.425873 37.787956
-122.42498799999998 37.786854
-122.42654399999999 37.794403
-122.42654399999999 37.794403
-122.425743 37.790382
-122.425743 37.790382
-122.41880800000001 37.789429
-122.42192800000001 37.788090000000004
-122.422005 37.788139
-122.421722 37.787544
