11.244746000000001 43.773178
11.251696 43.772251000000004
11.256457000000001 43.771736
11.254806518555 43.774337768555
11.252059936522999 43.772964477539
11.257553100586 43.774337768555
11.271286010742 43.770217895508004
11.250686645508 43.774337768555
11.257553100586 43.771591186523
11.249313354492 43.77571105957
11.251946 43.776009
11.278045 43.775713
11.263478 43.787887
11.270559 43.773136
11.246566772461 43.764724731445
11.252059936522999 43.788070678711
11.239700317383 43.782577514648
11.239700317383 43.778457641602
11.270777 43.76709
11.242996 43.758682
11.264231 43.777822
11.264419555664 43.770217895508004
11.242446899414 43.779830932616996
11.231460571289 43.772964477539
11.263046264647999 43.767471313477
11.263046264647999 43.782577514648
11.249313354492 43.78532409668
11.278578999999999 43.774009
11.266694000000001 43.77108
11.272659301758 43.771591186523
11.268539428711 43.783950805664
11.274032592772999 43.766098022461
11.250686645508 43.768844604491996
11.245193481445 43.77571105957
11.270351 43.778224
11.271146 43.770218
11.255032 43.782751
11.268539428711 43.789443969727
11.247940063477001 43.772964477539
11.25617980957 43.781204223633004
11.238327026367 43.788070678711
11.271286010742 43.782577514648
11.247940063477001 43.789443969727
11.250686645508 43.78532409668
11.275405883789 43.778457641602
11.272659301758 43.774337768555
11.252059936522999 43.778457641602
11.269442 43.785367
11.249313354492 43.77571105957
11.267166137695 43.770217895508004
11.254806518555 43.782577514648
11.25617980957 43.777084350586
11.254806518555 43.782577514648
11.254806518555 43.788070678711
11.26581 43.783213
11.260628 43.772489
11.279001 43.767714
11.249559 43.780732
11.244947999999999 43.786746
11.261202 43.771809999999995
11.239897000000001 43.787723
11.23241 43.789749
11.255785000000001 43.769665
11.232757000000001 43.773419
11.242486999999999 43.783426
11.255579 43.784465999999995
11.246872 43.768463
11.2712 43.770328000000006
11.249379 43.785063
11.25617980957 43.772964477539
11.279849 43.77094500000001
11.275406 43.762527
11.265792999999999 43.770218
11.274302 43.767297
11.26579284668 43.771591186523
11.274846 43.775355
11.276589999999999 43.78182
11.264076 43.768845
11.271286010742 43.772964477539
11.270703 43.765822
11.239121 43.781197999999996
11.267166137695 43.778457641602
11.246003 43.778985999999996
11.27623 43.778595
11.267964 43.786963
11.269638 43.76802100000001
11.258011 43.781890999999995
11.263831 43.770806
11.263891000000001 43.781151
11.271167 43.7821
11.264889 43.781203999999995
11.267578 43.775436
11.263341 43.76521500000001
11.279658999999999 43.783951
11.254610000000001 43.778458
11.268311 43.777542
11.234403 43.788071
11.241883999999999 43.783369
11.238978 43.786697
11.252452 43.781203999999995
11.258133 43.783011
11.240273 43.786697
11.236621000000001 43.789694
11.25617980957 43.778457641602
11.241073608397999 43.766098022461
11.269647 43.765965
11.260137 43.77074
11.262717 43.772816
11.255564999999999 43.774341
11.257385000000001 43.767435
11.255962 43.78528
11.253528999999999 43.773385
11.261673 43.77491
11.268539 43.777221999999995
11.232833862305 43.783950805664
11.268635 43.774242
11.274033 43.767788
11.240139 43.783072
11.255502 43.773858000000004
11.246338 43.783951
11.269912719727001 43.772964477539
11.242446899414 43.78532409668
11.275405883789 43.768844604491996
11.275915 43.764725
11.279525999999999 43.767928999999995
11.261766999999999 43.785268
11.251713 43.771825
11.257789 43.770709000000004
11.234979 43.775256
11.270697 43.765509
11.254389 43.773826
11.249922999999999 43.77985200000001
11.241074000000001 43.788921
11.25159 43.780813
11.277101 43.777026
11.260739 43.777084
11.265400999999999 43.769628999999995
11.274216000000001 43.782546999999994
11.269655 43.76944500000001
11.234207000000001 43.787059
11.243131 43.75902
11.251078999999999 43.782578
11.250989 43.777876
11.260185 43.764896
11.234803999999999 43.77183
11.253561999999999 43.776214
11.256515 43.767842
11.253206 43.770493
11.270976 43.772698999999996
11.239700317383 43.759231567383004
11.27829 43.767609
11.246395 43.78335
11.249313354492 43.786697387695
11.279525756836 43.770217895508004
11.247594 43.782489
11.263254 43.782161
11.262894000000001 43.778
11.243615 43.784023
11.264334 43.784809
11.252289999999999 43.778498
11.252188 43.777255
11.274671000000001 43.781524
11.267428 43.785357
11.269714 43.766890000000004
11.267123 43.788071
11.256017 43.772838
11.259015 43.777128999999995
11.258925999999999 43.778
11.256414 43.768265
11.251078999999999 43.781203999999995
11.260299682617 43.759231567383004
11.265928 43.785284999999995
11.249313354492 43.772964477539
11.274032592772999 43.789443969727
11.241578 43.778077
11.24977 43.773078999999996
11.261619 43.787001000000004
11.230545 43.785323999999996
11.248856 43.785796999999995
11.279736999999999 43.769133000000004
11.253821 43.775024
11.250539999999999 43.786697
11.249894 43.769346
11.267102000000001 43.780853
11.251282000000002 43.769090999999996
11.271286010742 43.759231567383004
11.2603 43.768295
11.250110000000001 43.772086
11.242446899414 43.777084350586
11.25481 43.771597
11.249519 43.770109999999995
11.240511 43.778157
11.255692 43.76447
11.250099 43.787095
11.266048 43.778651
11.279525756836 43.772964477539
11.254807000000001 43.784421
11.257861 43.774581
11.242716999999999 43.773281
11.264419555664 43.781204223633004
11.25538 43.782112
11.266548 43.782646
11.230087280272999 43.78532409668
11.254817999999998 43.76985
11.271286010742 43.789443969727
11.263733 43.780518
11.279525999999999 43.754768
11.277237 43.783951
11.273157000000001 43.772152
11.258583 43.764267
11.278839 43.777084
11.267166137695 43.781204223633004
11.278545 43.777281
11.252194 43.772582
11.246566772461 43.783950805664
11.271286010742 43.779830932616996
11.256787 43.774668
11.249360000000001 43.77867
11.242446899414 43.782577514648
11.263046264647999 43.786697387695
11.268539428711 43.786697387695
11.249313354492 43.781204223633004
11.274032592772999 43.783950805664
11.263733 43.783264
11.271286 43.770429
11.25015 43.768895
11.276779174805 43.761978149414
11.2798 43.777084
11.245536999999999 43.783607
11.244368 43.778554
11.256852 43.780208
11.25941 43.769843
11.273615 43.775054
11.255402 43.773034
11.263046264647999 43.78532409668
11.264877 43.785323999999996
11.243794 43.77861400000001
11.268539428711 43.786697387695
11.255486999999999 43.781735
11.274033 43.766098
11.237411999999999 43.782348999999996
11.269372 43.76690900000001
11.239700317383 43.789443969727
11.273483 43.785323999999996
11.23420715332 43.788070678711
11.271973 43.764587
11.258237 43.757173
11.255266 43.772535
11.233912 43.77059000000001
11.253226 43.775687
11.249633 43.778689
11.271286010742 43.771591186523
11.268539428711 43.777084350586
11.238937 43.771935
11.2397 43.768086
11.259349 43.772964
11.268539 43.786353999999996
11.279525756836 43.783950805664
11.253433227539 43.782577514648
11.271286010742 43.783950805664
11.243141 43.762284
11.259727 43.763695
11.233363 43.778822999999996
11.276779174805 43.78532409668
11.268082000000001 43.787766
11.256523 43.771937
11.266617 43.765685999999995
11.256912 43.766507
11.249313354492 43.789443969727
11.251373 43.786697
11.279067999999999 43.774796
11.256708999999999 43.769145
11.260703999999999 43.768764000000004
11.25617980957 43.786697387695
11.250686645508 43.772964477539
11.254806518555 43.782577514648
11.249244000000001 43.77538300000001
11.243255 43.764796999999994
11.249313 43.787727000000004
11.248043 43.775923
11.272658999999999 43.788895000000004
11.269574 43.785315999999995
11.269978 43.764856
11.269912719727001 43.782577514648
11.247803 43.779831
11.254806518555 43.76335144043
11.239811 43.771142
11.258645 43.770012
11.236267 43.782578
11.274691 43.764381
11.271697999999999 43.764725
11.251778 43.774553999999995
11.261614999999999 43.771117
11.246239 43.778009000000004
11.262489 43.7683
11.241251 43.7791
11.245193481445 43.768844604491996
11.250686645508 43.767471313477
11.245193481445 43.774337768555
11.245193481445 43.774337768555
11.254806518555 43.772964477539
11.249313354492 43.774337768555
11.242446899414 43.772964477539
11.246566772461 43.774337768555
11.239755 43.778776
11.251180999999999 43.78109600000001
11.263905000000001 43.774681
11.269913 43.77662700000001
11.240158000000001 43.765182
11.242104 43.759918
11.246624 43.762985
11.272463 43.78552
11.239811 43.76579
11.263733 43.775368
11.238555999999999 43.780975
11.2425 43.780201
11.258916000000001 43.783419
11.246567 43.783379
11.244969000000001 43.789217
11.244997 43.77551500000001
11.249792 43.778579
11.257577000000001 43.774506
11.272921 43.775973
11.254564 43.787263
11.276803999999998 43.777497
11.267933 43.770218
11.262327 43.764986
11.2782 43.775758
11.277794 43.777801000000004
11.272438000000001 43.761351
11.25694 43.776812
11.261319 43.766959
11.265792999999999 43.786377
11.234707 43.782578
11.248768 43.781787
11.268265 43.788895000000004
11.262512 43.788681
11.268882000000001 43.78152100000001
11.271561 43.781203999999995
11.257919000000001 43.786758
11.271514999999999 43.77869000000001
11.269569 43.788071
11.263815 43.780985
11.242939 43.758086999999996
11.271286 43.773056
11.243041 43.783869
11.268844999999999 43.768845
11.246203999999999 43.7859
11.26779 43.77780300000001
11.275406 43.765996
11.25563 43.757584
11.253038 43.783929
11.275249 43.783871999999995
11.271286 43.787727000000004
11.252271 43.78955
11.230431 43.779144
11.241813 43.781438
11.279067999999999 43.783722
11.238327 43.786011
11.254806518555 43.782577514648
11.259623 43.777759
11.278538000000001 43.781117
11.241399000000001 43.763706
11.278305 43.774338
11.247100999999999 43.788338
11.240165 43.788136
11.262317 43.789124
11.272401 43.781365
11.2397 43.754425
11.272812 43.765488
11.279012 43.777771
11.245412 43.778669
11.277803 43.765099
11.240163 43.769118
11.246872 43.758163
11.241204 43.781175
11.274921 43.783426
11.249353999999999 43.781223
11.24067 43.781786
11.235544 43.762236
11.271286010742 43.772964477539
11.26442 43.76266500000001
11.248627 43.775711
11.264419555664 43.761978149414
11.238797 43.769184
11.247356 43.789307
11.278153 43.775253
11.238702 43.789319
11.255868 43.785199
11.245830999999999 43.763948
11.240813000000001 43.787033
11.247425 43.785496
11.272144 43.785496
11.277878 43.783676
11.242905 43.781662
11.278427 43.785323999999996
11.264419555664 43.770217895508004
11.267166137695 43.770217895508004
11.235580444336 43.781204223633004
11.236267 43.789719
11.246618 43.780238
11.242376 43.7835
11.266708 43.786697
11.268883 43.789444
11.26339 43.786697
11.26799 43.786697
11.245726 43.778469
11.247092 43.783951
11.258215 43.771901
11.249313354492 43.783950805664
11.264419555664 43.783950805664
11.247940063477001 43.783950805664
11.270599 43.782578
11.246566772461 43.783950805664
11.247940063477001 43.782577514648
11.245193481445 43.782577514648
11.250686645508 43.781204223633004
11.278152 43.781662
11.265792999999999 43.779831
11.260986 43.779144
11.247940063477001 43.783950805664
11.258774 43.776169
11.279525756836 43.782577514648
11.248856 43.769605
11.261672973633 43.78532409668
11.254806518555 43.772964477539
11.250686645508 43.764724731445
11.247940063477001 43.764724731445
11.262360000000001 43.785323999999996
11.261215 43.78418
11.263046264647999 43.774337768555
11.24588 43.776398
11.26442 43.764038
11.242446899414 43.770217895508004
11.268539428711 43.788070678711
11.26579284668 43.788070678711
11.245281 43.771921999999996
11.27815246582 43.76335144043
11.272659301758 43.76335144043
11.261672973633 43.788070678711
11.241073608397999 43.789443969727
11.240207 43.784413
11.252073 43.780861
11.262508 43.770477
11.241697 43.774597
11.244441 43.769585
11.240758 43.7606
11.24077 43.760582
11.240764 43.760578
11.240764 43.760578
11.247996 43.771049
11.273902 43.779728999999996
11.267791 43.782337
11.255514 43.774625
11.254359 43.772993
11.257699 43.776823
11.250836999999999 43.776234
11.268672 43.769397999999995
11.254814999999999 43.775101
11.275651 43.780281
11.2433 43.778774
11.238769 43.777676
11.242372999999999 43.776709999999994
11.232997 43.786163
11.234855 43.783078
11.235553999999999 43.784214
11.255671000000001 43.769325
11.255914 43.768505
11.250369000000001 43.764804999999996
11.255492 43.768364
11.234268 43.769917
11.234736999999999 43.775108
11.236641 43.776218
11.239512 43.777865999999996
11.239597999999999 43.780109
11.239426 43.780196999999994
11.23899 43.780578999999996
11.241833999999999 43.767403
11.254995 43.774646999999995
11.257434 43.774311
11.234805 43.775257
11.238608000000001 43.780949
11.278065 43.777031
11.278065 43.777031
11.252552 43.787997999999995
11.257162 43.787384
11.257162 43.787384
11.242355 43.786419
11.242355 43.786419
11.247956 43.77780900000001
11.245466 43.772799
11.251305 43.771534
