44.869219 40.747048
44.488514 40.211756
44.498749 40.202637
44.495315551758004 40.207901000977
44.563980102539 40.207901000977
44.48844909668 40.214767456055
44.514541625977 40.15022277832
44.72053527832 40.530624389648
44.491485 40.220261
44.54475402832 40.201034545898
44.50080871582 40.224380493164
44.517014 40.188126
44.465103149414 40.139236450195
44.528503 40.191422
44.499588 40.201498
44.496174 40.201893
44.495361 40.223007
44.470596313477 40.110397338867
44.520034790039 40.15022277832
44.481582641602 40.129623413086
44.514417 40.189424
44.562625 40.209065
44.492212 40.192374
44.518419 40.149783
44.474258 40.130997
44.521408 40.204697
44.50575300000001 40.186203000000006
44.491814 40.190056
44.517288208008004 40.15022277832
44.496689 40.223145
44.469223022461 40.20378112793
44.502182 40.189705
44.520034790039 40.18180847168
44.529429 40.193333
44.48844909668 40.147476196289
44.491445 40.194682
44.473342895508004 40.120010375977
44.526901245116996 40.188674926758
44.467849731445 40.209274291992
44.5187 40.180866
44.496689 40.205917
44.478836 40.198746
44.487391 40.19133
44.496689 40.220947
44.492443 40.210567
44.529647827148 40.191421508789
44.498062 40.18895
44.526901245116996 40.184555053711
44.502731 40.183731
44.528274536133004 40.190048217773
44.46785 40.207214
44.546127319336 40.195541381836
44.52278137207 40.15022277832
44.56672668457 40.202407836914
44.496689 40.187302
44.565691 40.208457
44.523125 40.183182
44.478834 40.113832
44.524155 40.18364
44.525527954102 40.187301635742
44.469223022461 40.205154418945
44.520035 40.184595
44.518661499023 40.183181762695
44.564495 40.205841
44.487228 40.217361
44.492667 40.220359
44.493942260741996 40.199661254883
44.50046500000001 40.184555
44.497604 40.194168
44.498662 40.202981
44.501839 40.185928
44.536514282227 40.19416809082
44.475174 40.134659
44.52278137207 40.183181762695
44.480896 40.186615
44.499422 40.130316
44.487075805664 40.132369995117
44.524154663086 40.15022277832
44.480209 40.207214
44.52278137207 40.15022277832
44.528274536133004 40.15022277832
44.525527954102 40.15022277832
44.500122 40.190392
44.48024 40.200923
44.44519 40.173569
44.503555297852 40.223007202148
44.47883605957 40.126876831055
44.50080871582 40.199661254883
44.518661499023 40.18180847168
44.536514282227 40.21614074707
44.479179 40.19594
44.47883605957 40.198287963867
44.478836 40.194855
44.46072 40.199862
44.498062133789 40.20378112793
44.513855 40.189533
44.513168 40.189705
44.51272 40.185858
44.506851 40.191422
44.51042175293 40.191421508789
44.514259 40.183182
44.51746 40.183182
44.518661499023 40.177688598633
44.523468 40.180435
43.836135864258004 40.834121704102
44.513668 40.18031
44.518661499023 40.187301635742
44.524154663086 40.179061889648
44.524154663086 40.18180847168
44.518661499023 40.176315307617
44.524154663086 40.179061889648
44.51265 40.183712
44.471283 40.161209
44.472656 40.159836
44.459609985352 40.180435180664
44.439010620116996 40.169448852539
44.480543 40.162161
44.40055847168 40.155715942383
44.40055847168 40.152969360352
44.405594 40.160294
44.455490112305 40.157089233398
44.511337 40.182495
44.515107 40.183182
44.509565 40.185537
43.846436 40.78743
43.841629 40.78537
43.853073 40.784225
43.826522827148 40.799789428711
43.834762573241996 40.79704284668
43.834762573241996 40.79704284668
43.834762573241996 40.801162719727
43.845748901366996 40.784683227539
43.856735229491996 40.78742980957
43.827896118164 40.79704284668
44.520378 40.186615
44.515572 40.188847
44.509893 40.185934
44.517288208008004 40.177688598633
44.518631 40.19325900000001
44.518837 40.193953
44.515228 40.179405
44.526901245116996 40.196914672852
44.524154663086 40.192794799805
44.514999 40.19783
44.524154663086 40.195541381836
44.520646 40.194813
44.517288208008004 40.196914672852
44.515915 40.17786
44.531021118164 40.210647583008
44.518147 40.196571
44.522824 40.190785
44.524136 40.191391
44.524154663086 40.20378112793
44.562606811523 40.198287963867
44.562606811523 40.199661254883
44.502386 40.163538
44.519348 40.179062
44.521408081055 40.188674926758
44.53239440918 40.140609741211
44.536514282227 40.132369995117
44.526901245116996 40.141983032227
44.52278137207 40.141983032227
44.51042175293 40.143356323242
44.513168334961 40.141983032227
44.518661499023 40.141983032227
44.507675170898 40.155715942383
44.47975200000001 40.195541
44.507675 40.155716
44.318161010741996 40.166702270508
44.478149 40.164642
44.437637329102 40.158462524414
44.458236694336 40.157089233398
44.300308227539 40.162582397461
44.304428100586 40.166702270508
44.44313 40.159836
44.465103000000006 40.155716
44.430770874023 40.158462524414
44.301681518555 40.165328979492
44.458236694336 40.157089233398
44.301681518555 40.166702270508
44.480209350586 40.207901000977
44.32502746582 40.165328979492
44.480896 40.165329
44.906363 40.760368
44.883041 40.755844
44.866104125977 40.740737915039
44.887161 40.75676
44.86522 40.738703
44.866379 40.735245
44.861984 40.724258
44.850998 40.711899
44.564913 40.215135
44.558486938477 40.232620239258
44.522324 40.18959
44.523468 40.188675
44.50080871582 40.220260620117
44.561233520508004 40.176315307617
44.568099975586 40.192794799805
44.521408081055 40.177688598633
44.507675170898 40.209274291992
44.493256 40.15159600000001
44.56672668457 40.18180847168
44.425277709961 40.15983581543
44.393692016602 40.849227905273
44.45686340332 40.168075561523
44.395065307616996 40.849227905273
44.462356567383004 40.190048217773
44.491195678711 40.80940246582
44.465103149414 40.143356323242
44.463729858398 40.217514038086
44.465103000000006 40.14679
44.458236694336 40.173568725586
44.460983276366996 40.20378112793
44.462356567383004 40.209274291992
44.462356567383004 40.190048217773
44.460983276366996 40.220260620117
44.465103149414 40.214767456055
44.52278137207 40.799789428711
44.465103149414 40.214767456055
44.565353393555 40.202407836914
44.498062133789 40.223007202148
44.573593139648 40.22575378418
44.521408081055 40.190048217773
44.440383911133004 40.173568725586
44.510765 40.177345
44.509048461914 40.18180847168
44.51042175293 40.183181762695
44.498606 40.152802
44.498777 40.153111
44.515914916991996 40.18180847168
44.517288208008004 40.169448852539
44.496689 40.179886
44.499893 40.17952
44.509598 40.174118
44.509673 40.172695
44.510341 40.174942
44.504414 40.177689
44.497812 40.149474
44.470596 40.199661
44.512187 40.177689
44.517288208008004 40.169448852539
44.51786 40.169449
44.515057 40.176487
44.489822387695 40.136489868164
44.491195678711 40.139236450195
44.495315551758004 40.223007202148
44.50795 40.176315
44.489822387695 40.136489868164
44.503784 40.188217
44.506301879883004 40.174942016602
44.495315551758004 40.223007202148
44.501419 40.153732
44.493405 40.213394
44.482955932616996 40.148849487305
44.5051 40.164986
44.514541625977 40.187301635742
44.498749 40.152969
44.504013 40.155258
44.489822387695 40.195541381836
44.508362 40.191422
44.514198 40.170822
44.521212 40.174746
44.493942 40.198135
44.495315551758004 40.201034545898
44.493942260741996 40.198287963867
44.509048461914 40.205154418945
44.509048 40.180541
44.50885200000001 40.176315
44.443130493164 40.17219543457
44.504928588866996 40.15022277832
44.502182006836 40.157089233398
44.508787 40.205154
44.500613 40.154539
44.502182006836 40.157089233398
44.499435 40.153656
44.495487 40.222836
44.505615 40.191422
44.493256 40.212879
44.504928588866996 40.15022277832
44.543380737305 40.21614074707
44.497101 40.205109
44.50046500000001 40.204124
44.51042175293 40.183181762695
44.504166 40.190353
44.49791 40.194016
44.509048461914 40.18180847168
44.512997 40.185757
44.495383 40.223007
44.495836 40.22286500000001
44.513168 40.189774
44.517975 40.184555
44.513168334961 40.163955688477
44.523239 40.177231
44.514541625977 40.187301635742
44.521408081055 40.173568725586
44.52278137207 40.174942016602
44.516144 40.171738
44.511795043945 40.185928344727
44.506989 40.183868
44.517605 40.171139
44.505973 40.186128
44.512253 40.186844
44.507675170898 40.185928344727
44.498062133789 40.205154418945
44.516373 40.18364
44.503555297852 40.192794799805
44.504471 40.191422
44.507675 40.191422
44.509599 40.19667800000001
44.511795043945 40.209274291992
44.520034790039 40.209274291992
44.517288208008004 40.209274291992
44.52278137207 40.209274291992
44.525253 40.209274
44.514541625977 40.209274291992
44.51042175293 40.187301635742
44.539260864258004 40.206527709961
44.53312 40.201702
44.536514282227 40.205154418945
44.540634155273 40.209274291992
44.533032 40.201857
44.533767700195 40.202407836914
44.52662700000001 40.209
44.509048461914 40.209274291992
44.50201 40.192795
44.518661499023 40.184555053711
44.48992 40.216337
44.494138 40.203193
44.283828735352 40.166702270508
43.834456 40.778945
43.843002319336 40.779190063477
44.029769897461 40.147476196289
44.522432 40.202105
44.491195678711 40.184555053711
44.28108215332 40.169448852539
44.293441772461 40.162582397461
44.29069519043 40.162582397461
44.035263061523 40.147476196289
43.840255737305 40.779190063477
44.286575317383004 40.163955688477
43.838882446289 40.781936645508
43.837509155273 40.780563354492
44.032516479491996 40.144729614258
44.035263061523 40.144729614258
44.292068481445 40.161209106445
43.849868774414 40.784683227539
44.46373 40.147476
44.460983 40.149536
44.505386 40.166245
44.469223 40.152283
44.509735 40.208588
44.56672668457 40.198287963867
44.496689 40.205366
44.488449 40.216075
44.489548 40.217239
44.491195678711 40.212020874023
44.519119 40.174484
44.521408081055 40.179061889648
44.51042175293 40.18180847168
44.511108 40.191422
44.509048461914 40.206527709961
44.49559 40.223007
44.528732 40.208817
44.515914916991996 40.173568725586
44.517288208008004 40.173568725586
44.512482 40.172195
44.510536 40.173683
44.49618 40.222855
44.513855 40.169449
44.514541625977 40.166702270508
44.504929 40.205154
44.477737 40.192795
44.47883605957 40.199661254883
44.46785 40.161667
44.479523 40.165329
44.474716186523 40.162582397461
44.465103149414 40.163955688477
44.47707 40.199465
44.476089477539 40.192794799805
44.492568969727 40.813522338867
44.487075805664 40.812149047852
44.48844909668 40.814895629883
44.54455 40.201808
44.499435424805 40.20378112793
44.495592 40.201151
44.498736 40.202667
44.514885 40.179405
44.513168334961 40.188674926758
44.506165 40.191422
44.462357 40.19622800000001
44.462356567383004 40.199661254883
44.470596313477 40.199661254883
44.465103149414 40.199661254883
44.46991 40.209274
44.499985 40.180161
44.486252 40.20707700000001
44.4944 40.213394
44.492775 40.210922
44.509048461914 40.205154418945
44.492569 40.208969
44.485506 40.20692
44.499435 40.182083
44.503555 40.17670800000001
44.49028 40.212936
44.524154663086 40.179061889648
44.515228 40.19210800000001
44.526215 40.185928
44.51042175293 40.199661254883
44.527359 40.19371
44.519424 40.174179
44.514541 40.181122
44.508362 40.204468
44.531021118164 40.191421508789
44.517288208008004 40.169448852539
44.524154663086 40.19416809082
44.529647827148 40.19416809082
44.528275 40.187988
44.50676 40.201492
44.504928588866996 40.165328979492
44.506301879883004 40.168075561523
44.507675170898 40.170822143555
44.511623 40.174599
44.492568969727 40.205154418945
44.521408081055 40.187301635742
44.524154663086 40.188674926758
44.495315551758004 40.223007202148
44.506165 40.174942
44.517288 40.171738
44.515457 40.174484
44.504929 40.174255
44.512482 40.172195
44.50630200000001 40.172882
44.513168334961 40.169448852539
44.498062133789 40.176315307617
44.489822387695 40.180435180664
44.495315551758004 40.218887329102
44.513168 40.174667
44.565353393555 40.206527709961
44.536514282227 40.21614074707
44.518197 40.196344
44.492568969727 40.196914672852
44.51637 40.205198
44.519699 40.198524
44.517288 40.199661
44.536514282227 40.151596069336
44.533767700195 40.143356323242
44.53239440918 40.141983032227
44.533767700195 40.147476196289
44.533767700195 40.147476196289
44.536514282227 40.152969360352
44.53239440918 40.151596069336
44.531021118164 40.15022277832
44.522781 40.20195
44.47403 40.19622800000001
44.517288208008004 40.184555053711
44.481582641602 40.130996704102
44.441071 40.164642
44.443130493164 40.17219543457
44.471283 40.157089
44.439010620116996 40.168075561523
44.47801 40.095682
44.477462768555 40.154342651367
44.50080871582 40.184555053711
44.46167 40.157776
44.441757 40.163498
44.503555297852 40.176315307617
44.482955932616996 40.151596069336
44.503555297852 40.187301635742
44.440383911133004 40.173568725586
44.440383911133004 40.173568725586
44.447937 40.158463
44.474716 40.160523
44.499435424805 40.192794799805
44.437637329102 40.173568725586
44.474716186523 40.155715942383
44.474716186523 40.155715942383
44.444046 40.173569
44.502182006836 40.192794799805
44.437637329102 40.17219543457
44.441757202148 40.162582397461
44.495315551758004 40.151596069336
44.509048461914 40.176315307617
44.515914916991996 40.190048217773
44.515914916991996 40.188674926758
44.509048461914 40.174942016602
44.521408081055 40.206527709961
44.52278137207 40.192794799805
44.527588 40.192795
44.506301879883004 40.205154418945
44.517288208008004 40.206527709961
44.524369 40.209189
44.524911 40.205858
44.52278137207 40.206527709961
44.522457 40.202514
44.520034790039 40.192794799805
44.520034790039 40.190048217773
44.521751 40.190048
44.513168334961 40.185928344727
44.509048461914 40.206527709961
44.523564 40.203425
44.524154663086 40.191421508789
44.515914916991996 40.195541381836
44.524154663086 40.206527709961
44.511795043945 40.206527709961
44.28108215332 40.165328979492
44.47883605957 40.198287963867
44.514542 40.184097
44.520034790039 40.798416137695
44.521408081055 40.799789428711
44.43489074707 40.842361450195
44.493256 40.200348
44.494629 40.201721
44.514541625977 40.179061889648
44.513168334961 40.190048217773
44.518661499023 40.184555053711
44.526901245116996 40.190048217773
44.524154663086 40.188674926758
44.489822387695 40.213394165039
44.513168334961 40.168075561523
44.515914916991996 40.187301635742
44.514541625977 40.187301635742
44.515289 40.184238
44.514541625977 40.188674926758
44.514541625977 40.187301635742
44.514541625977 40.184555053711
44.514541625977 40.177688598633
44.485702514648 40.151596069336
44.51042175293 40.20378112793
44.482955932616996 40.15022277832
44.561233520508004 40.174942016602
44.565353393555 40.174942016602
44.565353393555 40.174942016602
44.559860229491996 40.177688598633
44.559860229491996 40.176315307617
44.562606811523 40.174942016602
44.56672668457 40.17219543457
44.504242 40.185242
44.495315551758004 40.205154418945
44.493942260741996 40.196914672852
44.492568969727 40.198287963867
44.482955932616996 40.166702270508
44.441757202148 40.173568725586
44.44450378418 40.173568725586
44.441757202148 40.173568725586
44.46647644043 40.158462524414
44.443130493164 40.173568725586
44.445877075195 40.169448852539
44.445877075195 40.168075561523
44.514541625977 40.187301635742
44.504928588866996 40.191421508789
44.514542 40.190048
44.521866 40.180893
44.507675170898 40.191421508789
44.518661499023 40.183181762695
44.517975 40.182495
44.517288208008004 40.185928344727
44.499435 40.187759
44.503555297852 40.191421508789
44.500122 40.201035
44.51042175293 40.184555053711
44.514541625977 40.18180847168
44.508133 40.179977
44.509048461914 40.223007202148
44.439010620116996 40.154342651367
44.436264038086 40.152969360352
44.430770874023 40.154342651367
44.429397583008004 40.154342651367
44.521408081055 40.166702270508
44.480209350586 40.205154418945
46.406936645508004 39.206771850586
44.49302700000001 40.179062
44.492111 40.179062
44.514763 40.199316
44.495315551758004 40.179061889648
44.441757202148 40.185928344727
44.458236694336 40.148849487305
44.512482 40.185928
44.496688842773 40.177688598633
44.492568969727 40.179061889648
44.485702514648 40.151596069336
44.487075805664 40.151596069336
44.543380737305 40.202407836914
44.53707 40.199858
44.469223022461 40.191421508789
44.467163 40.191422
44.47883605957 40.19416809082
44.496689 40.188675
44.511795043945 40.15983581543
44.551162 40.203453
44.531021118164 40.202407836914
44.550606 40.203348
44.525986 40.205612
44.562606811523 40.206527709961
44.562606811523 40.206527709961
44.522701 40.204883
44.520943 40.20783
44.487075805664 40.180435180664
44.491195678711 40.179061889648
44.487075805664 40.179061889648
44.50080871582 40.174942016602
44.487075805664 40.179061889648
44.513168334961 40.17219543457
44.513168334961 40.206527709961
44.517288208008004 40.206527709961
44.51042175293 40.206527709961
44.552993774414 40.223007202148
44.514541625977 40.177688598633
44.481582641602 40.152969360352
44.503555297852 40.223007202148
44.452743530273 40.174942016602
44.45686340332 40.174942016602
44.459609985352 40.180435180664
44.477658 40.199487
44.509048461914 40.227127075195
44.484329223633004 40.210647583008
44.460983276366996 40.184555053711
44.452743530273 40.174942016602
44.465103149414 40.199661254883
44.471969604491996 40.199661254883
44.443130493164 40.173568725586
44.480209350586 40.206527709961
44.460983276366996 40.183181762695
44.594192504883004 40.188674926758
44.462356567383004 40.188674926758
44.506301879883004 40.224380493164
44.51042175293 40.232620239258
44.509048461914 40.227127075195
44.514541625977 40.205154418945
44.517288208008004 40.179061889648
44.513168334961 40.184555053711
44.515915 40.183868
44.518661499023 40.177688598633
44.520034790039 40.169448852539
44.521408081055 40.180435180664
44.52287800000001 40.180241
44.517288208008004 40.169448852539
44.493942260741996 40.151596069336
44.484604 40.155323
43.834007 40.777897
43.836503 40.790344
44.470497 40.198711
44.474418 40.159975
44.473728 40.077026
44.473728 40.077026
44.269932 40.688255
44.441119 40.091783
44.45186500000001 40.12939
44.40897800000001 40.030087
44.428681 40.04128400000001
44.475352 40.166416
44.474266 40.194006
44.435516 40.036411
44.478647 40.19125800000001
44.47521 40.204869
44.427052 40.071583
44.475024 40.204691
44.395199 40.476616
44.449785 40.230924
44.491032 40.179138
44.498165 40.152283
44.485531 40.165978
44.259518 40.822826
44.47232800000001 40.214207
44.448097 40.126705
44.472166 40.124262
44.427052 40.071583
44.416345 40.031625
44.474972 40.204723
44.269932 40.688255
44.427052 40.071583
44.470783 40.137817
44.426762 40.245407
44.491032 40.179138
44.487839 40.169876
44.416041 40.033188
44.468749 40.13972800000001
44.427052 40.071583
44.476551 40.191338
44.475826 40.204878
44.474897 40.196758
44.413878 40.028023
44.4789 40.151638
44.470783 40.137817
44.473549 40.110706
44.475889 40.203643
44.470631 40.165657
44.476167 40.203216
44.422246 40.03325
44.472884 40.170693
44.385308 40.426745
44.47232800000001 40.214207
44.448097 40.126705
44.474419 40.21188
44.426762 40.245407
44.439751 40.112232
44.474869 40.204788
44.426762 40.245407
44.473471 40.193406
44.380887 40.388573
44.51659 40.207295
44.479736 40.190022
44.48139000000001 40.191495
44.479736 40.190022
44.314231 40.642193
44.470478 40.193497
44.501087 40.156799
44.376511 40.533602
44.474869 40.204788
44.426762 40.245407
44.488821 40.196637
44.474266 40.194006
44.431283 40.085133
44.481118 40.191305
44.506588 40.173332
44.475447 40.20852100000001
44.357792 40.590584
44.379835 40.376147
44.505249 40.173712
44.385308 40.426745
44.498165 40.152283
44.463276 40.143921
44.439751 40.112232
44.391836 40.46311
44.475938 40.193739
44.50391 40.174091
44.47665 40.195805
44.501087 40.156799
44.480768 40.191823
44.47232800000001 40.214207
44.47232800000001 40.214207
44.267608 40.83380800000001
44.478607 40.154285
44.427052 40.071583
44.479649 40.161225
44.380764 40.397583
44.444847 40.076051
44.47232800000001 40.214207
44.54810300000001 40.201908
44.471001 40.156952
44.470478 40.193497
44.458215 40.13818300000001
44.497471 40.17661500000001
44.473549 40.110706
44.47074 40.175225
44.266788 40.834246
44.479736 40.190022
44.501087 40.156799
44.470478 40.193497
44.471001 40.156952
44.442385 40.038351
44.489403 40.152068
44.475203 40.191704
44.40897800000001 40.030087
44.463276 40.143921
44.269932 40.688255
44.476036 40.117371
44.409039 40.030121
44.47875 40.190605
44.47665 40.195805
44.47232800000001 40.214207
44.203976 40.741692
44.47671500000001 40.18914
44.498165 40.152283
44.40897800000001 40.030087
44.470478 40.193497
44.476475 40.205162
44.487839 40.169876
44.462646 40.145462
44.481461 40.152565
44.483476 40.19307
44.498746 40.189021
44.526276 40.185562
44.459351 40.179951
44.497231 40.176117
44.510662 40.15519000000001
44.525877 40.138687
44.449882 40.173483
44.51088 40.143013
44.456352 40.170723
44.49098 40.202074
44.51645300000001 40.16575200000001
44.53061 40.141862
44.527862 40.13967
44.461465 40.163739
44.497231 40.176117
44.460487 40.182976
44.50856 40.2066
44.499577 40.205711
44.500962 40.203988
44.516636 40.204806
44.526694 40.141669
44.518494 40.206364
44.527363 40.176273
44.505966 40.17794
44.53017 40.15033
44.48996 40.146664
44.517445 40.142288
44.457985 40.175152
44.439362 40.155289
44.425568 40.143974
44.50137700000001 40.205021
44.47842 40.18966
44.51302 40.142712
44.49128 40.196495
44.516956 40.154797
44.523388 40.154331
44.445988 40.172831
44.457626 40.147842
44.470707 40.154106
44.452389 40.174599
44.457039 40.172279
44.463844 40.190788
44.489119 40.195629
44.514046 40.206741
44.265102 40.829913
44.279897 40.839665
44.27072800000001 40.83818
44.44202 40.175457
44.510586 40.179253
44.539097 40.155705
44.557035 40.204448
44.56178900000001 40.204457
44.514549 40.183276
44.522287 40.18306
44.972786 40.536598
44.523566 40.198034
44.861076 40.739777
44.518782 40.209277
44.51465200000001 40.199438
44.510442 40.203797
44.514926 40.199222
44.519787 40.208786
44.516016 40.20945800000001
44.515318 40.198249
44.973621 40.528852
44.822194 40.529454
44.512562 40.198695
44.697113 40.534904
44.519774 40.209099
44.560834 40.220694
44.514695 40.188749
44.514473 40.197455
44.521947 40.190006
44.512925 40.180993
44.72366 40.453624
44.508679 40.202691
44.513506 40.186331
44.515967 40.180815
44.518844 40.196013
44.547128 40.197111
44.519193 40.192085
44.685135 40.414018
44.778207 40.530211
44.557881 40.216074
44.519574 40.189903
44.51613 40.179746
44.599189 40.273232
44.863965 40.68937800000001
44.516368 40.206562
44.54203 40.203831
44.514881 40.181124
44.523047 40.186773
45.133016 40.864185
44.510905 40.198695
44.517383 40.183048
45.132362 40.86381
44.501537 40.205463
44.524425 40.189769
44.516973 40.17820800000001
44.530102 40.21092700000001
44.515508 40.179188
44.530033 40.211076
44.885203 40.751863
44.518972 40.209306
44.505448 40.205353
44.51529 40.178673
44.522385 40.191007
44.503715 40.201627
44.51521500000001 40.176262
44.70285 40.534248
44.51895800000001 40.1886
44.522265 40.208855
44.530968 40.218613
44.521005 40.19472
44.725158 40.534369
44.713439 40.447136
44.519361 40.18185
44.519722 40.206182
44.524085 40.18961
44.512342 40.206789
44.870519 40.744445
44.521627 40.19296
44.516652 40.18975800000001
44.515532 40.206606
44.512063 40.204784
44.894905 40.754271
44.644578 40.370801
44.515002 40.190206
44.503907 40.200197
45.072886 40.803849
44.517641 40.185771
44.521519 40.185383
44.50315300000001 40.204012
44.515296 40.178735
44.861652 40.739564
44.979681 40.523526
44.52609 40.189459
44.497713 40.202196
44.514788 40.192643
44.583588 40.256296
44.971423 40.595
44.514477 40.192155
44.522876 40.18625
44.511044 40.206856
44.969575 40.593518
44.506371 40.19981
44.710799 40.530194
44.48167700000001 40.191458
44.50851 40.206467
44.518674 40.209332
44.515679 40.17913
44.501607 40.204475
44.51085 40.203897
44.513012 40.20074
44.87769 40.540086
44.861779 40.739023
44.524138 40.189596
44.981822 40.567356
44.985173 40.524902
44.76945900000001 40.488253
44.518394 40.208927
44.519301 40.209176
44.530968 40.218613
44.938763 40.537891
44.745434 40.497429
44.539024 40.228474
44.491585 40.200066
44.51553300000001 40.19728900000001
44.563743 40.234529
44.514697 40.199632
44.52290900000001 40.189854
44.504992 40.19912
44.916453 40.540322
44.51762 40.185722
44.521923 40.212921
44.752981 40.533174
44.498167 40.199995
44.515964 40.18369000000001
44.518381 40.184336
44.592709 40.26510800000001
44.696488 40.534501
44.553719 40.23408
44.537843 40.204374
44.514149 40.19487
44.483883 40.192581
44.516132 40.181366
44.51445800000001 40.188982
44.519064 40.187708
44.631025 40.339432
44.48122 40.190468
44.506082 40.2055
44.526279 40.185551
44.51001 40.206238
44.5171 40.188676
44.562561 40.214191
44.539537 40.205765
44.526241 40.186416
44.637173 40.361526
44.52628 40.189025
44.629777 40.326813
44.511375 40.190029
44.745024 40.469425
44.490941 40.19963
44.513885 40.18933
44.526131 40.18287700000001
44.562 40.217892
44.521447 40.205918
44.762045 40.482394
44.521207 40.182791
44.853821 40.698425
44.976779 40.774198
44.527161 40.208294
44.882071 40.750357
44.635767 40.355017
44.890362 40.75447800000001
44.490555 40.199368
44.651986 40.380838
44.517815 40.19778400000001
44.524602 40.211948
44.51699 40.188638
44.725743 40.532647
44.519708 40.205306
44.50349 40.194809
44.490555 40.199368
44.765315 40.485107
44.720177 40.515972
44.57703 40.243725
44.487598 40.194737
44.758933 40.479371
44.530968 40.218613
44.48897 40.195439
44.514889 40.182098
44.986513 40.524354
44.522297 40.195114
44.521973 40.190331
44.753283 40.475441
44.492916 40.200478
44.511375 40.190029
44.911104 40.76322800000001
44.852455 40.710823
44.51503 40.189426
44.513818 40.204966
44.520265 40.181907
44.996844 40.772183
44.514448 40.20209000000001
44.511402 40.202129
45.133148 40.863098
44.785046 40.524315
44.738093 40.468029
44.592002 40.261202
44.55294 40.203648
44.513168 40.178795
44.562561 40.214191
44.511044 40.206856
44.530968 40.218613
44.553352 40.232094
44.529064 40.213454
44.529957 40.190937
44.54945 40.198441
44.510517 40.1791
44.518944 40.206367
44.51347 40.177502
44.500851 40.140156
44.459515 40.216419
44.502541 40.19239
44.596741 40.271614
44.587265 40.25079
44.95571 40.771206
44.514068 40.182411
44.516132 40.181366
44.50301500000001 40.1936
44.588788 40.259763
44.553352 40.232094
44.529961 40.210003
45.11037 40.838203
44.491585 40.200066
44.496826 40.199512
44.51553300000001 40.19728900000001
44.513851 40.207066
44.54945 40.198441
45.016722 40.770509
44.983299 40.588765
44.858209 40.718422
44.764553 40.484184
44.6856 40.412331
44.637173 40.361526
44.859276 40.694111
45.137142 40.86883
44.51368 40.19315
44.95842 40.538092
44.553666 40.233436
44.54945 40.198441
44.606438 40.283264
44.529049 40.210104
44.517815 40.19778400000001
44.562561 40.214191
44.861073 40.739803
44.490555 40.199368
44.55294 40.203648
44.556686 40.235394
44.54203 40.203831
44.5172 40.18287700000001
44.487751 40.188957
44.536143 40.199842
44.530155 40.203136
44.576042 40.215111
44.576466 40.216324
44.576106 40.21418
44.574829 40.211304
44.573135 40.212185
44.574329 40.210728
44.57614 40.205647
44.580849 40.20372800000001
44.580757 40.203831
44.502766 40.167625
44.538677 40.180031
44.53977 40.180013
44.4813 40.186646
44.856087 40.739819
44.540217 40.180247
44.490681 40.212032
44.505352 40.200283
44.486832 40.199703
44.51828 40.147598
