120.67921799999999 24.120113
120.67720800000001 24.127225
120.674998 24.119541
120.681577 24.11917900000001
120.669022 24.128035999999998
120.674343 24.125977
120.66946100000001 24.123972
120.66627502441001 24.126663208007997
120.681725 24.122543
120.67451477051 24.128036499023
120.67981200000001 24.12274
120.683539 24.122641
120.666275 24.117736999999998
120.671897 24.119904000000002
120.672845 24.122874
120.67165800000001 24.114991
120.670612 24.12547600000001
120.67739099999999 24.126119
120.67039489746 24.126663208007997
120.67479499999999 24.123627
120.666319 24.115451999999998
120.67908100000001 24.122268
120.67192299999999 24.114698999999998
120.677397 24.120058
120.68069399999999 24.127878
120.68006799999999 24.126816
120.66902160645 24.119796752930004
120.67926499999999 24.117794
120.66942 24.1291
120.671624 24.124025
120.678647 24.12629
120.66764831542999 24.119796752930004
120.666275 24.119453
120.68344099999999 24.128723
120.68000793457001 24.121170043944996
120.674053 24.125324
120.67966499999999 24.11499
120.67008100000001 24.117434
120.671852 24.121783999999998
120.68412780761999 24.125289916992003
120.67502900000001 24.125259
120.669752 24.12272
120.679321 24.123917000000002
120.67808500000001 24.123917000000002
120.68412780761999 24.122543334960998
120.683224 24.117692
120.679378 24.116032
120.67289 24.114939
120.676106 24.114957
120.68412780761999 24.128036499023
120.67863464355 24.128036499023
120.68000793457001 24.122543334960998
120.67863464355 24.125289916992003
120.67039489746 24.121170043944996
120.67863464355 24.128036499023
120.67588806152 24.123916625977
120.67863464355 24.121170043944996
120.66627502441001 24.126663208007997
120.684128 24.127007
120.679501 24.122326
120.670395 24.12735
120.682368 24.128251000000002
120.67473400000002 24.117541
120.672995 24.126678
120.667093 24.115370000000002
120.67798 24.129227
120.675306 24.114795
120.675119 24.116293
120.66717299999999 24.11864
120.67451477051 24.125289916992003
120.666974 24.129137
120.67828899999999 24.127272
120.676377 24.123912
120.66593200000001 24.127007
120.679043 24.119170999999998
120.66678600000002 24.120842
120.669525 24.128909
120.670584 24.116459
120.674705 24.123185999999997
120.68054 24.126171
120.6827545166 24.122543334960998
120.673248 24.119925
120.677453 24.117326000000002
120.670294 24.115858
120.681381 24.121857000000002
120.6689 24.114807
120.67983799999999 24.128707000000002
120.66853600000002 24.128049
120.67903600000001 24.116397
120.68000793457001 24.118423461914002
120.684128 24.12426
120.67340300000001 24.119287
120.675722 24.116198999999998
120.667422 24.118273000000002
120.677742 24.123929
120.674457 24.117720000000002
120.66871599999999 24.126663
120.667877 24.122086
120.667041 24.115272
120.679449 24.128383
120.67210700000001 24.114848000000002
120.67812099999999 24.116462
120.68412780761999 24.118423461914002
120.666275 24.121295
120.679528 24.124108
120.68412780761999 24.125289916992003
120.68138122558999 24.123916625977
120.683632 24.127975
120.678675 24.124658
120.67176818848 24.126663208007997
120.680024 24.126911
120.68220600000001 24.128079
120.67000300000001 24.126579
120.68203799999999 24.115122
120.67686 24.115207
120.67851200000001 24.116492
120.67039489746 24.121170043944996
120.67039489746 24.118423461914002
120.67863464355 24.117050170898
120.67726135254 24.123916625977
120.6827545166 24.115676879882997
120.68000793457001 24.117050170898
120.67039489746 24.119796752930004
120.67314147949 24.119796752930004
120.67863464355 24.126663208007997
120.66764831542999 24.117050170898
120.68000793457001 24.125289916992003
120.66902160645 24.121170043944996
120.680008 24.121628
120.68000793457001 24.119796752930004
120.67039489746 24.123916625977
120.67176818848 24.121170043944996
120.68412780761999 24.115676879882997
120.67726135254 24.115676879882997
120.68412780761999 24.125289916992003
120.67314147949 24.123916625977
120.68412780761999 24.126663208007997
120.68412780761999 24.126663208007997
120.66902160645 24.126663208007997
120.66902160645 24.128036499023
120.66902160645 24.128036499023
120.678909 24.115952
120.675731 24.122785999999998
120.680695 24.12529
120.679321 24.123917000000002
120.67863464355 24.128036499023
120.67863500000001 24.125748
120.68000793457001 24.123916625977
120.67435 24.121397
120.67588806152 24.122543334960998
120.67451477051 24.128036499023
120.671457 24.129019
120.677702 24.123434
120.67185 24.119892999999998
120.67913200000001 24.124319
120.680122 24.122543
120.676804 24.127487
120.675403 24.126008
120.66963700000001 24.11639
120.68000793457001 24.121170043944996
120.67804199999999 24.121365
120.68000793457001 24.119796752930004
120.682755 24.128723
120.678177 24.124374
120.67899299999999 24.117668
120.68138122558999 24.128036499023
120.67863464355 24.118423461914002
120.67863464355 24.128036499023
120.681381 24.128723
120.674057 24.122543
120.671768 24.120483
120.67451477051 24.122543334960998
120.66973999999999 24.117853
120.681725 24.121513
120.67451477051 24.123916625977
120.68412780761999 24.122543334960998
120.67176818848 24.126663208007997
120.68412780761999 24.122543334960998
120.66784399999999 24.119438
120.67451477051 24.123916625977
120.66696200000001 24.120483
120.67863464355 24.128036499023
120.681381 24.11911
120.66627502441001 24.119796752930004
120.67039489746 24.122543334960998
120.671751 24.118445
120.675569 24.12197
120.671139 24.118392999999998
120.68412780761999 24.121170043944996
120.68412780761999 24.119796752930004
120.675201 24.11499
120.671768 24.11499
120.67451477051 24.125289916992003
120.68138122558999 24.115676879882997
120.676854 24.119359
120.67863464355 24.118423461914002
120.67863464355 24.123916625977
120.679604 24.116032999999998
120.668306 24.122557999999998
120.669022 24.122543
120.67039489746 24.123916625977
120.670395 24.120941000000002
120.666275 24.120102
120.66627502441001 24.115676879882997
120.669022 24.12014
120.68163 24.116943
120.66902160645 24.128036499023
120.666275 24.12735
120.678973 24.118827
120.68412780761999 24.115676879882997
120.669931 24.124759
120.676185 24.123335
120.67176818848 24.117050170898
120.66902160645 24.128036499023
120.66902160645 24.119796752930004
120.66902160645 24.119796752930004
120.6707 24.119464
120.66902160645 24.119796752930004
120.66902160645 24.119796752930004
120.67039489746 24.119796752930004
120.679321 24.119797
120.67039489746 24.121170043944996
120.684238 24.124405
120.684253 24.12369
120.68412780761999 24.115676879882997
120.68138122558999 24.115676879882997
120.68412780761999 24.123916625977
120.675751 24.128037
120.67641699999999 24.126756
120.66902160645 24.128036499023
120.67053200000001 24.118246
120.670027 24.117067000000002
120.67451477051 24.121170043944996
120.67176818848 24.122543334960998
120.67176818848 24.123916625977
120.679703 24.117755
120.672455 24.118423
120.670395 24.12529
120.674148 24.116535
120.673882 24.126367000000002
120.68106599999999 24.129078
120.669948 24.114979
120.672374 24.122804000000002
120.67451477051 24.125289916992003
120.67236000000001 24.114867999999998
120.666876 24.116734
120.67314147949 24.126663208007997
120.66764831542999 24.125289916992003
120.66970800000001 24.118423
120.67039489746 24.117050170898
120.66833500000001 24.11911
120.670827 24.125605
120.670143 24.125451
120.68000793457001 24.118423461914002
120.67588806152 24.126663208007997
120.67726135254 24.126663208007997
120.67314147949 24.126663208007997
120.67176818848 24.126663208007997
120.67314147949 24.117050170898
120.66764831542999 24.118423461914002
120.67039489746 24.115676879882997
120.67039489746 24.118423461914002
120.67039489746 24.118423461914002
120.672091 24.120328
120.675416 24.117077
120.68138122558999 24.122543334960998
120.68344099999999 24.123917000000002
120.67481200000002 24.124228
120.665696 24.115786
120.683897 24.124805
120.68268400000001 24.118837
120.677353 24.12199
120.66671799999999 24.118505
120.667511 24.12586
120.667454 24.126194
120.670856 24.127482
120.667984 24.12277000000001
120.67093100000001 24.121406
120.679375 24.121048000000002
120.67936 24.121205
120.67950400000001 24.125977
120.67950400000001 24.125977
120.679405 24.122532
120.670053 24.115292999999998
120.67008999999999 24.11842900000001
120.670105 24.123652
120.669197 24.114708
120.66999799999999 24.124962
120.676048 24.124157
120.675026 24.123619
120.67496499999999 24.119568
120.666611 24.119068
120.671755 24.114935
120.674687 24.115928
120.671678 24.11498
120.667805 24.117507999999997
120.66670400000001 24.117466
120.66610700000001 24.11684
120.66678999999999 24.117632
120.674973 24.121247
120.675629 24.121833
120.68356299999999 24.115213
120.67731599999999 24.115597
120.679359 24.123798
120.67559399999999 24.114986
120.675371 24.115804999999998
120.67608100000001 24.115992000000002
120.67683799999999 24.115414
120.67683400000001 24.11557
120.671894 24.114789000000002
120.676468 24.115858
120.67011799999999 24.117475
120.667273 24.114783
120.676796 24.115664000000002
120.67790900000001 24.126653
120.676144 24.126473999999998
120.676308 24.12649
120.67011299999999 24.11919
120.670029 24.118282
120.67513999999998 24.116835000000002
