-122.822182 38.058043
-122.155105 37.904696
-122.382428 37.685634
-122.645988 37.715854
-122.803578 38.072643
-122.579648 37.862243
-122.450399 37.682215
-122.000302 37.988326
-122.746766 37.731216
-122.544641 37.564049
-122.419242 38.054363
-122.134014 37.730849
-122.406404 37.655224
-122.024143 37.639220
-122.829554 37.476551
-122.069178 37.632225
-122.844225 37.712830
-122.170185 37.531196
-122.377317 38.109645
-122.315413 37.553540
-122.637952 37.774320
-122.261339 38.091726
-122.788018 37.929001
-122.229416 38.057817
-122.530207 37.796927
-122.204261 37.989093
-122.015822 37.826731
-122.298953 37.934689
-122.515388 37.916845
-122.310062 37.831731
-122.180019 37.713032
-122.215857 37.921431
-122.670189 37.697390
-122.095326 37.485296
-122.702544 37.549993
-122.067544 37.581308
-122.421975 37.644852
-122.406684 37.563441
-122.657528 37.937433
-122.113205 38.045147
-122.803265 37.929939
-122.512291 37.483799
-122.351213 37.474914
-122.049464 37.578612
-122.564881 37.699568
-122.589024 37.954035
-122.293090 37.559210
-122.254362 37.751818
-122.329567 38.101806
-122.531625 37.933294
-122.840853 37.918547
-122.048744 37.972820
-122.222950 37.965780
-122.288025 38.069855
-122.051218 37.590571
-122.482086 38.105018
-122.366476 38.108188
-122.051481 37.883620
-122.423628 38.078589
-122.191996 37.630056
-122.193417 37.755507
-122.679201 37.799516
-122.542591 37.490515
-122.104363 37.639717
-122.144506 38.061760
-122.330135 37.557485
-122.160464 38.090653
-122.341808 37.674231
-122.215823 37.743235
-122.227974 37.496319
-122.672810 37.547385
-122.156109 37.511123
-122.371234 37.480155
-122.039419 37.863591
-122.196945 37.665984
-122.101253 37.717218
-122.528952 37.780443
-122.787619 37.594221
-122.281429 37.925547
-122.576487 37.590761
-122.047462 37.866113
-122.845843 37.718615
-122.170092 37.500939
-122.740640 37.629778
-122.603351 37.569838
-122.577428 38.040913
-122.734496 37.918253
-122.023132 38.051182
-122.232942 37.635090
-122.448786 37.792011
-122.714019 37.714770
-122.399336 37.837221
-122.806830 37.884009
-122.229900 37.683329
-122.593745 37.815185
-122.614912 37.476131
-122.208202 37.721084
-122.089543 37.727154
-122.256757 37.511593
-122.668757 37.742446
-122.138205 37.801871
-122.633775 37.578136
-122.514564 37.511911
-122.761519 38.109347
-122.600359 37.799499
-122.085381 37.990429
-122.563463 37.489951
-122.129115 37.887786
-122.271818 37.910331
-122.780680 37.831104
-122.438835 37.478680
-122.230737 38.022630
-122.060272 37.844594
-122.713637 37.966725
-122.189466 38.013649
-122.691904 37.989908
-122.328649 37.785384
-122.080124 37.494312
-122.524316 37.576469
-122.116535 37.481241
-122.556504 38.096710
-122.215061 37.569650
-122.398837 38.056402
-122.571345 38.075834
-122.643666 38.008236
-122.769761 37.996631
-122.644428 37.498447
-122.101661 37.949455
-122.665603 37.899768
-122.645209 37.814649
-122.196003 37.963482
-122.411036 37.479372
-122.769494 37.859378
-122.552146 37.612090
-122.063843 38.103724
-122.534420 37.973453
-122.311596 37.626014
-122.327182 37.470690
-122.386343 37.870788
-122.051429 38.065185
-122.425582 37.719878
-122.086281 38.094284
-122.289780 37.525304
-122.092224 37.614513
-122.225249 38.001048
-122.245960 37.940616
-122.301904 38.045721
-122.169594 37.821222
-122.328305 37.598201
-122.284457 37.802494
-122.437524 37.784844
-122.094955 37.890416
-122.125562 37.509552
-122.549665 37.504382
-122.600611 37.694275
-122.436187 37.514872
-122.660755 38.013704
-122.404813 37.794578
-122.040219 37.827727
-122.200376 37.955246
-122.319302 37.775287
-122.374815 37.761997
-122.384848 38.080073
-122.584665 38.024571
-122.475526 37.879473
-122.556524 37.510308
-122.513078 37.697953
-122.037516 38.057055
-122.669187 37.769418
-122.166736 37.662048
-122.167394 38.095219
-122.783764 37.579845
-122.219398 38.033744
-122.558307 37.583825
-122.455095 37.487633
-122.324325 37.593861
-122.537221 37.959124
-122.016068 37.855508
-122.517623 37.518415
-122.222585 37.527621
-122.452544 37.565136
-122.087073 37.509823
-122.042061 38.061855
-122.031215 37.928674
-122.454295 37.994015
-122.617880 38.093251
-122.837488 37.833076
-122.413227 37.895747
-122.561775 37.911332
-122.760308 37.482676
-122.498937 37.558119
-122.252615 37.966144
-122.612737 37.959720
-122.196268 37.827191
-122.261579 37.625026
-122.264387 37.789462
-122.172629 37.546059
-122.654373 37.925767
-122.657121 37.659194
-122.231542 37.702025
-122.647138 37.629034
-122.217438 37.960878
-122.332186 37.616504
-122.166970 37.761126
-122.015013 37.996565
-122.812629 37.791957
-122.105475 37.649016
-122.440214 38.067317
-122.440370 37.855308
-122.790082 37.702812
-122.240585 37.667328
-122.663050 37.988258
-122.183864 37.547864
-122.507825 37.744041
-122.364564 37.752169
-122.307357 37.711671
-122.360102 37.753648
-122.279844 38.105431
-122.596491 37.620235
-122.312421 37.742675
-122.155144 37.597743
-122.729401 37.960221
-122.576137 37.851129
-122.539893 38.038186
-122.121889 38.033783
-122.573077 37.918224
-122.089477 38.082621
-122.102254 37.851412
-122.254505 37.487473
-122.250464 37.958135
-122.845330 37.799496
-122.217568 37.886563
-122.260091 37.546780
-122.618262 37.948670
-122.004209 37.788018
-122.014704 37.511630
-122.706001 37.695986
-122.182136 37.702911
-122.786484 37.714017
-122.263896 38.002407
-122.552059 37.874144
-122.345325 37.783482
-122.078753 37.782653
-122.146793 37.799159
-122.308248 37.789957
-122.562645 37.532946
-122.391816 37.831798
-122.817681 37.804171
-122.360009 38.077194
-122.082845 37.559680
-122.356713 38.097264
-122.047568 37.865043
-122.679432 37.604446
-122.423016 37.732036
-122.065232 37.838903
-122.318420 37.989510
-122.001320 37.945277
-122.553291 37.992616
-122.135164 37.481170
-122.460647 37.518805
-122.754101 37.749644
-122.626376 37.689937
-122.425915 38.015144
-122.799246 37.660472
-122.222997 37.711419
-122.198990 37.813507
-122.521102 37.938137
-122.753198 37.481646
-122.671534 37.787208
-122.059042 37.887127
-122.043568 37.647216
-122.349317 37.519070
-122.796390 37.545735
-122.197667 37.713755
-122.521861 37.723827
-122.072169 37.603876
-122.024935 37.914416
-122.778000 37.738010
-122.229941 37.806397
-122.562382 37.866049
-122.379754 38.061384
-122.350836 37.600408
-122.430042 37.921704
-122.601206 38.036432
-122.260699 37.987663
-122.788917 37.823404
-122.812760 37.524436
-122.015651 37.852193
-122.593726 38.045809
-122.427552 37.979827
-122.036119 37.659183
-122.826311 38.041532
-122.302311 37.821408
-122.358850 37.585498
-122.303152 37.675404
-122.342637 37.636226
-122.383325 37.639601
-122.079927 38.047448
-122.447540 37.898955
-122.103012 37.939754
-122.187661 37.849605
-122.436009 38.021504
-122.566172 37.480162
-122.668614 37.792010
-122.001995 38.067232
-122.005345 38.037413
-122.134052 38.112342
-122.486608 37.477531
-122.762665 37.909603
-122.695954 37.639840
-122.742797 37.576971
-122.387827 37.486911
-122.732843 37.990236
-122.182006 37.704174
-122.419003 37.868088
-122.473407 37.726957
-122.353417 37.872078
-122.685969 38.107236
-122.278024 38.038178
-122.490897 38.014191
-122.829602 37.834664
-122.154358 37.598280
-122.752475 37.849461
-122.109452 37.526026
-122.195808 37.489259
-122.199745 37.861013
-122.102122 37.738997
-122.589195 37.796273
-122.141529 37.829743
-122.010191 37.627212
-122.597862 37.918838
-122.004494 37.922423
-122.571453 38.031631
-122.355579 37.817240
-122.039948 37.536862
-122.153380 37.693966
-122.258111 37.740541
-122.698133 38.014332
-122.128112 37.832815
-122.395022 37.686390
-122.472801 37.769931
-122.412632 37.672500
-122.040431 37.842746
-122.440862 37.951096
-122.544270 37.884692
-122.205303 37.595986
-122.421531 37.582798
-122.133123 37.522388
-122.238472 37.523825
-122.176108 37.991659
-122.173728 37.955633
-122.268427 37.979134
-122.131213 37.851127
-122.359108 37.525718
-122.157097 38.027390
-122.293295 37.599157
-122.107534 37.655946
-122.474015 37.997921
-122.174859 37.780561
-122.464660 37.931237
-122.408247 37.503133
-122.809928 37.739332
-122.393834 37.634075
-122.699583 37.913457
-122.831223 37.514670
-122.550581 37.911777
-122.219294 37.565871
-122.460155 37.589446
-122.725631 38.020298
-122.174623 37.966685
-122.061998 37.949987
-122.790260 37.562363
-122.371828 38.044357
-122.134877 37.618541
-122.140121 37.544479
-122.019244 37.511183
-122.392396 37.685045
-122.254164 37.604055
-122.147018 38.108983
-122.458759 38.084821
-122.671381 37.878046
-122.423841 37.817030
-122.013185 37.624990
-122.291595 37.840375
-122.617261 37.834711
-122.397259 37.505774
-122.536911 38.033954
-122.723518 37.873264
-122.252983 37.698959
-122.256198 37.487398
-122.271308 38.026815
-122.256136 37.899471
-122.271646 37.749123
-122.465327 37.878383
-122.129669 37.622200
-122.698016 37.926646
-122.664520 38.077071
-122.615818 37.560338
-122.570175 37.701244
-122.053903 38.102242
-122.336381 38.071703
-122.482623 37.695789
-122.644928 38.094823
-122.716808 37.827520
-122.143650 37.950137
-122.701538 38.001474
-122.241315 37.501203
-122.743123 37.475467
-122.318987 38.023823
-122.708313 38.107449
-122.195127 37.493414
-122.318984 37.845220
-122.229831 37.535009
-122.511214 37.501850
-122.721002 37.529986
-122.667831 37.713269
-122.078398 37.914245
-122.630070 37.765837
-122.633991 37.813254
-122.073231 37.593967
-122.496701 37.477899
-122.815311 37.836151
-122.213897 37.878394
-122.390060 38.032694
-122.799336 37.899976
-122.634170 37.770000
-122.183517 37.786715
-122.640882 37.611043
-122.186417 37.666480
-122.513576 37.824951
-122.216864 38.105736
-122.667137 38.104128
-122.151007 37.618773
-122.572696 37.582986
-122.183187 38.008781
-122.302227 37.496631
-122.275816 37.702166
-122.606348 37.471616
-122.333429 37.969017
-122.665622 38.104005
-122.742685 37.794779
-122.211675 37.939509
-122.302415 37.876107
-122.680300 37.848840
-122.058566 37.910897
-122.825837 37.630839
-122.555913 37.857921
-122.510439 37.799325
-122.608152 37.902545
-122.100148 37.651041
-122.440382 37.617335
-122.289243 37.567368
-122.742228 37.844149
-122.439771 37.570410
-122.435624 37.731590
-122.217201 37.829127
-122.816791 37.551585
-122.266165 37.907873
-122.157926 37.542316
-122.360048 37.597203
-122.585437 37.728198
-122.825433 38.030838
-122.787470 37.669015
-122.118795 38.087226
-122.554426 37.655382
-122.176529 37.658548
-122.756474 37.526863
-122.297647 37.665673
-122.133246 38.033934
-122.217902 37.743359
-122.532479 37.768693
-122.350559 37.844803
-122.211015 37.906239
-122.441876 37.810504
-122.615275 38.037738
-122.385409 38.002589
-122.355825 38.081616
-122.028894 37.500415
-122.682523 37.744031
-122.769554 37.714083
-122.121017 37.953565
-122.006314 37.779074
-122.418013 37.897865
-122.390714 38.010886
-122.687081 37.844740
-122.070779 37.571221
-122.180585 37.819006
-122.711911 37.511571
-122.696952 38.095264
-122.831536 38.097299
-122.172204 37.507333
-122.613577 37.647906
-122.041124 37.555581
-122.612892 37.490323
-122.749969 38.014938
-122.115194 37.995414
-122.830175 37.815944
-122.833326 38.074575
-122.032057 37.551921
-122.179266 38.068658
-122.284782 37.510623
-122.674035 37.773705
-122.115651 37.972273
-122.708581 37.932413
-122.071184 38.101032
-122.365946 37.915137
-122.241266 37.592882
-122.785946 37.706560
-122.602238 37.787753
-122.419150 38.088146
-122.066155 38.004791
-122.200446 37.494248
-122.653339 37.871687
-122.673483 37.874700
-122.785500 37.980175
-122.628624 37.950400
-122.537863 37.866342
-122.248387 37.751439
-122.009664 37.791019
-122.676634 37.507909
-122.294304 38.060421
-122.366004 37.921573
-122.105226 37.487550
-122.732001 37.878061
-122.287284 37.877055
-122.513694 37.775171
-122.411230 37.999480
-122.544796 37.810868
-122.296334 37.675662
-122.591737 37.751361
-122.058716 38.016490
-122.213159 37.674800
-122.306929 37.854227
-122.605043 37.798855
-122.293539 37.977317
-122.700405 37.933967
-122.836768 37.497646
-122.843985 37.712817
-122.409408 37.666727
-122.071496 37.779219
-122.283038 37.488923
-122.836465 37.532890
-122.382371 37.865581
-122.349356 37.517671
-122.796358 38.092281
-122.310571 37.984713
-122.805180 37.669229
-122.122684 37.697565
-122.179241 37.648297
-122.751269 37.692903
-122.558906 37.777071
-122.204640 37.507475
-122.040991 37.621353
-122.436462 37.519521
-122.709138 37.542201
-122.760201 37.797397
-122.341846 37.848439
-122.823218 37.636339
-122.505995 38.002839
-122.712041 37.994268
-122.441867 37.544510
-122.501609 37.768851
-122.416251 37.998074
-122.620993 37.901946
-122.048718 38.075174
-122.778685 37.877547
-122.107538 38.079839
-122.458578 37.820315
-122.488490 38.027732
-122.577023 37.861436
-122.475137 37.811960
-122.617198 38.001778
-122.432567 37.647244
-122.578798 37.835367
-122.566902 37.934857
-122.814295 37.642269
-122.233121 37.624908
-122.317349 37.818773
-122.751620 38.076649
-122.552220 38.024801
-122.259765 37.746169
-122.263223 37.651269
-122.297133 37.857294
-122.125100 37.863882
-122.268304 37.647734
-122.423259 37.523950
-122.061438 37.489159
-122.432571 37.882093
-122.147428 37.632980
-122.431366 37.910389
-122.332820 37.672658
-122.481140 37.567404
-122.714410 37.645523
-122.500340 37.952252
-122.446027 37.688442
-122.443648 37.995308
-122.446621 38.086131
-122.014097 37.981129
-122.627283 38.048005
-122.093154 37.872793
-122.272276 38.013305
-122.139859 37.480146
-122.286371 38.084409
-122.308002 37.925258
-122.602177 38.061281
-122.251442 38.072229
-122.267226 37.676456
-122.235815 37.717967
-122.651351 37.845919
-122.814936 37.634038
-122.230626 37.829382
-122.312396 37.940176
-122.765332 37.954607
-122.284571 37.643284
-122.823400 37.997327
-122.359766 37.541712
-122.695440 37.622559
-122.799341 38.029378
-122.815327 37.873118
-122.773393 38.082475
-122.664536 37.515486
-122.322913 37.805738
-122.750293 37.841373
-122.355737 37.853860
-122.623790 37.663808
-122.802850 37.531957
-122.027555 37.605954
-122.706749 38.033111
-122.286968 38.006714
-122.123964 37.533875
-122.534382 37.806971
-122.313627 37.528026
-122.106897 37.639520
-122.452780 37.564980
-122.178768 37.571431
-122.663528 37.984742
-122.183905 37.848788
-122.624920 37.820640
-122.123401 37.617978
-122.400092 37.882322
-122.251751 38.036724
-122.838103 37.962080
-122.161668 37.887446
-122.664120 37.685256
-122.285514 38.108460
-122.664725 38.022800
-122.703193 37.938726
-122.057657 37.615540
-122.646411 37.577405
-122.094220 38.057520
-122.214517 37.518570
-122.012603 37.748233
-122.739243 37.559152
-122.133223 37.845254
-122.020410 37.528513
-122.355046 37.873668
-122.209796 37.540311
-122.203072 37.931273
-122.250386 37.951117
-122.655530 37.742751
-122.579570 37.673589
-122.785285 37.529124
-122.818698 37.699884
-122.053900 37.534311
-122.647421 37.731398
-122.049063 37.648563
-122.303088 37.638758
-122.328113 37.635872
-122.588960 37.609349
-122.823936 37.892982
-122.515090 37.798686
-122.239151 37.557559
-122.301543 37.759544
-122.645458 37.930557
-122.250659 37.911553
-122.833021 37.669453
-122.136698 37.528805
-122.199172 37.782039
-122.226489 37.976048
-122.336290 37.555574
-122.486405 37.932264
-122.111478 37.962874
-122.556645 37.626696
-122.664756 38.026931
-122.164714 38.093624
-122.824987 37.510753
-122.773179 37.980922
-122.349903 38.001793
-122.449372 38.046636
-122.056271 37.807469
-122.160180 37.950566
-122.716586 37.737771
-122.806852 37.533045
-122.217678 37.588349
-122.372384 37.910793
-122.046768 37.779120
-122.744412 37.655620
-122.123346 37.620067
-122.561134 37.782561
-122.107874 37.703755
-122.762158 38.051080
-122.494905 38.087788
-122.309142 37.847688
-122.672124 37.762578
-122.415464 37.851443
-122.382371 37.776965
-122.820451 37.876573
-122.431781 37.680055
-122.282290 37.899470
-122.616109 37.930181
-122.340166 37.752226
-122.543821 37.969194
-122.778702 37.561308
-122.455393 38.000239
-122.671850 37.472524
-122.808572 37.715893
-122.533234 37.684333
-122.756781 38.029492
-122.286561 37.584565
-122.642104 37.481503
-122.601320 37.700190
-122.406871 37.557106
-122.812659 37.842278
-122.521538 37.919257
-122.800059 37.795677
-122.091409 37.865455
-122.657954 38.020005
-122.627654 38.098963
-122.770924 38.066269
-122.004381 37.863610
-122.374676 37.513324
-122.482284 37.905543
-122.479033 37.636975
-122.580236 37.867039
-122.487133 37.969434
-122.331086 37.532874
-122.476962 37.899234
-122.692122 38.097425
-122.199922 37.787391
-122.824865 37.950559
-122.714736 37.517337
-122.105675 38.085899
-122.312187 37.649437
-122.625411 37.584622
-122.383765 38.010954
-122.019284 37.710735
-122.469322 37.773282
-122.778995 37.880935
-122.277614 37.604865
-122.819816 37.837461
-122.751757 37.627613
-122.239276 37.721832
-122.327873 37.808272
-122.254506 37.953373
-122.776013 37.883830
-122.204921 38.091602
-122.808912 37.787400
-122.287731 37.830673
-122.395442 37.961729
-122.351085 38.058659
-122.633028 37.524003
-122.716847 37.470258
-122.545516 37.894547
-122.689913 37.860248
-122.034071 38.011894
-122.082834 37.939867
-122.536906 37.629362
-122.191580 37.520314
-122.040217 38.051271
-122.049616 37.668455
-122.529078 37.669181
-122.036929 38.062958
-122.839977 37.851148
-122.821323 37.886954
-122.242672 37.636921
-122.841425 37.905779
-122.382740 37.540270
-122.394575 38.021072
-122.472871 38.067342
-122.644275 37.727412
-122.216033 37.922550
-122.578007 37.883005
-122.115589 37.706813
-122.190264 37.834104
-122.459794 37.679065
-122.589415 37.902609
-122.036214 37.918751
-122.455518 37.982935
-122.257417 38.113819
-122.309247 38.054002
-122.711278 37.820527
-122.149208 38.034404
-122.173496 37.955176
-122.251273 37.815625
-122.525232 37.879487
-122.815904 37.644999
-122.286811 37.480292
-122.304598 37.987651
-122.366045 37.665588
-122.032591 38.103310
-122.627950 37.880982
-122.768135 38.103037
-122.733525 37.968841
-122.827309 38.051780
-122.117233 37.615519
-122.000488 37.892846
-122.028419 37.775190
-122.470160 37.713397
-122.675180 37.933755
-122.821748 37.563973
-122.065976 37.820562
-122.705563 38.022656
-122.431083 37.985234
-122.236297 37.482809
-122.320988 37.928902
-122.630808 37.889705
-122.127660 37.508039
-122.394704 38.076716
-122.691209 37.610066
-122.423251 38.060629
-122.729134 37.641518
-122.609003 37.937494
-122.603729 37.842542
-122.788790 37.843365
-122.028948 37.987144
-122.191234 37.615542
-122.719157 37.715456
-122.243665 37.934495
-122.527129 37.961482
-122.816417 37.910313
-122.297044 37.568968
-122.334202 37.678244
-122.171956 37.830977
-122.161169 38.099465
-122.501658 37.807813
-122.170738 38.057493
-122.484392 37.655839
-122.838597 37.995471
-122.247944 38.007914
-122.262580 37.490967
-122.278155 37.954599
-122.667362 37.746747
-122.485858 37.528216
-122.768892 37.638249
-122.710623 37.665107
-122.632244 37.697506
-122.726009 38.016739
-122.637352 37.921258
-122.487278 37.545243
-122.708673 37.669858
-122.291876 37.586023
-122.491761 37.671847
-122.154580 38.107903
-122.698072 37.498145
-122.305374 37.474675
-122.503246 37.575212
-122.001825 37.752231
-122.704266 37.774826
-122.640555 38.082715
-122.469441 38.107445
-122.394685 37.876769
-122.017457 37.613839
-122.255196 37.502828
-122.327389 37.540850
-122.055099 38.021122
-122.096557 37.493011
-122.001033 37.825470
-122.000980 37.564657
-122.286757 37.522865
-122.397367 37.949243
-122.120562 38.041197
-122.682861 38.045844
-122.797565 37.511675
-122.103397 38.098389
-122.450409 37.664550
-122.032025 37.608611
-122.421323 37.898725
-122.112466 37.472050
-122.085167 37.871846
-122.837463 37.960676
-122.752865 37.705713
-122.712246 38.114174
-122.470221 37.494421
-122.359198 37.692367
-122.056927 37.817989
-122.101915 37.943565
-122.003558 37.964321
-122.680424 37.934183
-122.128791 37.584734
-122.517538 38.007939
-122.602548 38.097071
-122.047082 37.564197
-122.209718 37.525758
-122.152166 37.521821
-122.705479 38.044854
-122.653516 37.596501
-122.471091 37.782536
-122.315111 37.668782
-122.425247 38.081932
-122.033394 37.755878
-122.243488 38.019002
-122.048188 37.868047
-122.659868 38.031920
-122.121312 37.796625
-122.494335 37.488518
-122.215976 37.944744
-122.463174 37.828062
-122.624492 37.738298
-122.141532 38.043788
-122.577292 37.608831
-122.498294 38.081258
-122.628759 37.781264
-122.667496 37.527976
-122.072171 37.777927
-122.781361 37.699557
-122.460765 37.621440
-122.517391 37.542906
-122.241961 37.926081
-122.746109 37.692467
-122.322746 38.066222
-122.787779 37.713832
-122.263597 37.880182
-122.447308 37.891399
-122.686098 37.609834
-122.287838 37.513565
-122.340703 38.005809
-122.306249 37.980761
-122.824632 37.990697
-122.829113 37.998582
-122.583155 37.811621
-122.132329 37.689874
-122.716172 38.085332
-122.179010 37.675952
-122.493881 37.991098
-122.826144 37.519535
-122.541215 37.685005
-122.520529 37.572769
-122.512355 37.616137
-122.785950 37.862601
-122.199793 38.040607
-122.523058 37.682628
-122.670156 38.049935
-122.680310 37.936535
-122.017031 37.801678
-122.593790 38.019599
-122.150652 37.710975
-122.802564 37.929738
-122.657699 38.063732
-122.519516 37.752484
-122.716144 37.635434
-122.780941 37.854201
-122.248663 37.804309
-122.462748 37.844384
-122.113879 37.672446
-122.324685 37.931596
-122.795144 37.741621
-122.715706 37.629169
-122.213460 38.077375
-122.203587 37.794390
-122.588598 37.965547
-122.223212 38.058882
-122.506850 38.077668
-122.060897 37.624171
-122.398944 37.621567
-122.601999 37.908098
-122.312907 37.711624
-122.702717 37.585138
-122.523156 37.751773
-122.637041 37.775737
-122.546037 37.700360
-122.461865 37.610623
-122.089958 37.548619
-122.399289 38.042322
-122.080431 38.041138
-122.099150 37.626919
-122.241464 37.817937
-122.290583 37.964148
-122.196790 38.051170
-122.809480 37.887143
-122.277433 37.519594
-122.120892 37.895461
-122.843380 37.533444
-122.711056 37.783907
-122.448044 37.654293
-122.769238 37.514792
-122.287874 38.016616
-122.585306 38.089345
-122.227814 37.885094
-122.843371 37.944131
-122.709223 37.499289
-122.095675 37.501738
-122.641018 37.685642
-122.263565 37.618929
-122.130644 37.990636
-122.481047 37.768364
-122.751995 37.938994
-122.294132 37.579327
-122.692702 37.702110
-122.714159 37.508405
-122.050489 37.574411
-122.739646 38.089692
-122.555812 37.906455
-122.220370 37.689167
-122.586945 37.929091
-122.533357 38.061023
-122.529651 37.758230
-122.513087 37.560736
-122.256676 37.486238
-122.822587 37.852157
-122.714206 37.739358
-122.506560 37.909882
-122.216071 37.859493
-122.426632 37.911314
-122.754834 37.541775
-122.390245 37.643740
-122.153329 37.871964
-122.741177 37.702065
-122.541515 38.009371
-122.809845 37.930688
-122.117415 37.820049
-122.741375 37.794854
-122.396051 38.042969
-122.520923 38.113548
-122.745214 37.977928
-122.834284 37.840261
-122.794206 37.502018
-122.553992 37.484709
-122.630237 37.629943
-122.600455 37.843394
-122.533705 37.655667
-122.674548 37.786821
-122.617294 37.472860
-122.042636 38.095942
-122.492278 37.639341
-122.707903 38.086082
-122.185476 38.064215
-122.132495 37.685701
-122.004125 37.791286
-122.225799 37.653606
-122.393172 37.965402
-122.434841 38.053481
-122.211366 38.072027
-122.721250 37.781753
-122.771344 38.099132
-122.225448 37.891958
-122.342626 37.726553
-122.635444 37.917581
-122.080546 37.781484
-122.216613 38.008957
-122.169932 37.949729
-122.579972 37.943393
-122.681444 37.974545
-122.097892 38.004745
-122.356925 37.634890
-122.386402 37.896895
-122.192813 37.470576
-122.453185 37.623797
-122.313611 38.104434
-122.272043 37.675694
-122.795281 37.867831
-122.068414 37.914068
-122.226151 37.485055
-122.144258 38.021218
-122.143348 37.953297
-122.225144 37.859648
-122.595972 37.574694
-122.751192 38.053476
-122.143382 37.592743
-122.377956 37.844835
-122.321720 37.814621
-122.533190 37.939566
-122.552588 37.973776
-122.214632 37.976197
-122.426686 37.688642
-122.607423 37.942030
-122.771307 37.765867
-122.460443 38.026548
-122.759751 37.619259
-122.032885 37.800488
-122.045709 37.875533
-122.681076 38.068587
-122.422553 37.941739
-122.221783 37.932303
-122.512721 37.775162
-122.247100 38.075407
-122.575628 37.983987
-122.135980 37.607625
-122.324813 37.579078
-122.591635 38.048721
-122.397991 37.695099
-122.284717 37.658485
-122.380713 37.669205
-122.040567 37.983317
-122.052830 37.774695
-122.564360 37.879532
-122.108955 37.824540
-122.151464 37.527241
-122.056791 38.023432
-122.150858 37.953963
-122.655947 37.658664
-122.838805 37.620217
-122.809492 37.729972
-122.072298 37.810138
-122.018085 37.688415
-122.524999 38.018171
-122.593961 37.807742
-122.777356 38.019069
-122.372800 38.036313
-122.412376 37.829006
-122.132238 37.993756
-122.696354 37.645637
-122.048644 37.693751
-122.358115 37.983006
-122.761024 38.078558
-122.538303 38.029507
-122.271717 37.903872
-122.801540 37.636168
-122.726218 37.631453
-122.392402 38.012568
-122.544351 37.659283
-122.682353 38.077518
-122.006310 37.681423
-121.999743 37.813571
-122.193197 38.049209
-122.051930 37.562493
-122.099011 37.635548
-122.110749 37.919115
-122.267395 38.067608
-122.641332 37.734264
-122.746951 37.823138
-122.613277 37.735819
-122.361465 37.720328
-122.077792 37.517770
-122.531044 37.675572
-122.098284 37.507688
-122.731346 38.085559
-122.250301 37.519136
-122.574654 37.549825
-122.826435 37.881349
-122.144627 37.709415
-122.605645 38.044382
-122.787871 37.587043
-122.754970 38.056780
-122.568549 38.057376
-122.353327 38.107610
-122.551347 38.061973
-122.731035 37.749597
-122.554065 37.518999
-122.403623 37.532598
-122.429769 38.009355
-122.082965 37.943741
-122.058291 37.770916
-122.473823 38.099854
-122.205926 38.107548
-122.089232 37.980842
-122.174508 37.925406
-122.492056 37.800602
-122.338891 37.933587
-122.696236 37.538633
-122.565612 37.529956
-122.652260 37.710654
-122.825001 37.872743
-122.527121 37.494726
-122.732037 37.806294
-122.732522 37.502903
-122.409380 37.530540
-122.709367 37.668038
-122.701015 38.035537
-122.020904 37.522758
-122.714344 37.950727
-122.438102 37.977181
-122.808534 38.044290
-122.289490 37.689375
-122.120770 37.928717
-122.395722 37.516220
-122.283696 37.584798
-122.676731 37.855206
-122.577512 38.029142
-122.743215 38.001735
-122.223484 37.613273
-122.093884 38.063567
-122.768000 38.069929
-122.236542 38.109102
-122.406896 37.935949
-122.507584 38.047646
-122.263164 37.592435
-122.389869 37.699221
-122.347772 37.473453
-122.334161 37.616413
-122.764502 37.911545
-122.191826 37.941213
-122.211567 38.006751
-122.554860 38.027066
-122.243017 37.518965
-122.621734 37.470378
-122.043947 37.483092
-122.100742 37.679555
-122.121682 37.749724
-122.319070 37.949747
-122.259216 37.680486
-122.789305 37.580777
-122.466482 37.528229
-122.049526 38.089547
-122.116050 37.851167
-122.589366 37.716820
-122.813769 37.509194
-122.744051 37.620987
-122.364174 37.652695
-122.431664 38.030800
-122.411517 37.976523
-122.136455 38.089416
-122.580849 37.789236
-122.053891 37.813805
-122.114371 37.633597
-122.231346 37.774752
-122.312883 37.719860
-122.317202 37.938601
-122.269113 37.671048
-122.449872 37.482475
-122.542487 37.996405
-122.365339 37.521781
-122.629232 37.976987
-122.518610 37.940268
-122.734636 37.915170
-122.185652 37.967788
-122.618305 37.533368
-122.014862 38.012007
-122.268062 37.635886
-122.740344 38.054833
-122.275144 37.647968
-122.536960 37.542751
-122.837347 38.030216
-122.166819 37.895490
-122.693932 37.997995
-122.732656 37.478251
-122.437037 37.779989
-122.099174 37.708125
-122.564964 37.907381
-122.442418 37.470470
-122.370048 37.589758
-122.601014 37.941811
-122.132227 37.565595
-122.684905 37.808470
-122.338911 37.986698
-122.488545 37.714923
-122.239563 37.551061
-122.155842 37.852544
-122.313476 37.935339
-122.695100 37.587033
-122.511912 38.082918
-122.492935 37.646219
-122.542563 37.621228
-122.259873 37.775445
-122.442308 37.575444
-122.667455 37.571099
-122.346291 37.678642
-122.300418 37.759149
-122.586623 37.910021
-122.770547 37.930183
-122.081978 37.989439
-122.768889 38.051195
-122.472338 38.092895
-122.073973 38.079635
-122.676005 38.001309
-122.368524 37.975445
-122.739061 38.043258
-122.356360 37.996949
-122.184588 37.568286
-122.536849 37.971806
-122.285919 37.986404
-122.164423 37.561212
-122.834443 37.488955
-122.005998 38.081301
-122.325836 37.647143
-122.618176 38.054347
-122.353091 37.620323
-122.825638 37.927914
-122.254705 37.853504
-122.325320 37.767215
-122.362963 37.777859
-122.161260 37.868560
-122.603405 37.882715
-122.437796 37.753861
-122.278095 37.905113
-122.540960 37.942854
-122.183168 37.916695
-122.763134 37.667970
-122.783358 38.085882
-122.705110 37.888652
-122.741200 37.616849
-122.062844 37.672004
-122.011611 37.775523
-122.173177 37.662979
-122.497348 37.741897
-122.017060 37.803236
-122.470308 37.782922
-122.049055 37.588968
-122.114174 37.565500
-122.498819 37.824727
-122.351859 37.832153
-122.273588 37.475177
-122.052655 37.882057
-122.445881 37.506001
-122.104061 37.519753
-122.488397 37.558054
-122.306844 37.572653
-122.161923 37.784777
-122.399216 37.874243
-122.247825 38.094659
-122.103130 37.792600
-122.513795 37.663856
-122.597991 38.038485
-122.669112 37.824152
-122.793663 37.803107
-122.395792 37.885376
-122.311333 37.606984
-122.377741 37.566066
-122.619492 37.835178
-122.120195 37.677328
-122.437907 37.636152
-122.174744 37.514157
-122.083889 38.096889
-122.575098 37.924807
-122.389633 37.593800
-122.184624 37.976457
-122.767881 37.562281
-122.796777 38.039586
-122.818465 37.510613
-122.820891 37.903084
-122.287456 37.714337
-122.436607 37.687187
-122.572496 37.590566
-122.252831 38.036879
-122.588164 37.690618
-122.358177 37.826653
-122.465651 37.888395
-122.153388 37.697228
-122.567967 37.792212
-122.188416 37.582593
-122.096078 37.624152
-122.135673 37.479854
-122.836091 37.647842
-122.274991 37.839183
-122.626065 38.059352
-122.124722 37.885664
-122.397279 37.934948
-122.172459 37.474504
-122.381166 37.628042
-122.743427 37.832676
-122.034629 37.889483
-122.194435 37.935295
-122.113505 37.790252
-122.563985 37.986102
-122.394060 37.944373
-122.059980 38.092057
-122.790761 37.490810
-122.485139 38.046962
-122.231847 37.512959
-122.282490 37.759261
-122.498739 37.544205
-122.395435 38.105897
-122.413546 37.725492
-122.535352 37.944774
-122.391081 37.795894
-122.094258 37.972909
-122.159117 37.628933
-122.411908 37.886889
-122.797650 37.627134
-122.310567 37.745597
-122.438511 37.476466
-122.198188 37.884947
-122.360249 37.949869
-122.745812 37.957997
-122.541763 38.080212
-122.256851 37.804085
-122.008240 38.038050
-122.215685 37.986097
-122.197591 37.870003
-122.815071 37.885573
-122.597595 37.738748
-122.313693 37.620548
-122.376187 37.490443
-122.485223 37.980084
-122.118932 37.875488
-122.415409 37.614532
-122.802755 37.784378
-122.609586 37.708765
-122.306861 37.615340
-122.521588 37.957552
-122.271933 38.099537
-122.697969 37.951127
-122.476473 38.093383
-122.769498 37.929153
-122.721952 37.681009
-122.830951 37.971795
-122.359438 37.766553
-122.526143 38.013594
-122.602994 37.704611
-122.511214 37.808222
-122.073382 37.980318
-122.825544 37.630669
-122.646746 37.912319
-122.016853 37.889409
-122.756845 38.031775
-122.816534 37.728393
-122.054346 37.471102
-122.029555 38.068771
-122.709556 37.939430
-122.415750 37.714771
-122.704622 37.474631
-122.342301 37.566752
-122.800092 37.472676
-122.652911 38.022706
-122.088729 37.832548
-122.469700 37.546187
-122.259750 37.639296
-122.433014 37.501293
-122.190273 38.011705
-122.467007 37.898942
-122.205929 37.616276
-122.619872 37.714939
-122.146319 37.694096
-122.249849 37.917578
-122.508789 37.806164
-122.746907 37.717862
-122.554183 37.904448
-122.755554 38.014149
-122.437744 37.609957
-122.648098 37.940542
-122.632210 37.752144
-122.173031 38.074319
-122.346064 38.059105
-122.033762 38.027430
-122.608751 37.764533
-122.206193 38.044796
-122.811030 37.891255
-122.296710 37.906937
-122.742480 37.929159
-122.791886 38.104700
-122.381711 38.002482
-122.110701 37.672828
-122.001375 38.112331
-122.357609 37.493064
-122.282664 38.101161
-122.711120 37.533952
-122.203340 37.796663
-122.579079 37.661536
-122.174262 37.548283
-122.057739 38.084799
-122.382823 37.516596
-122.262238 38.007700
-122.098441 37.470456
-122.508211 37.597182
-122.838181 37.903132
-122.488177 37.851690
-122.278640 37.523283
-122.009979 37.818095
-122.438681 37.572349
-122.642666 37.947410
-122.761127 37.744447
-122.210454 38.092991
-122.190099 37.693538
-122.342113 37.522791
-122.165632 37.902264
-122.401383 37.810500
-122.494101 37.714335
-122.206925 37.980412
-122.039142 37.874470
-122.440177 37.476924
-122.146107 37.837074
-122.419509 37.890123
-122.652610 37.643419
-122.798098 37.616842
-122.713581 37.729115
-122.402051 38.065497
-122.348981 37.563153
-122.776940 37.832339
-122.301368 37.670236
-122.632418 38.012837
-122.569062 38.061276
-122.308678 37.792746
-122.555795 37.591946
-122.678692 38.069546
-122.772043 37.727784
-122.168174 37.782384
-122.736869 37.660856
-122.680185 37.823017
-122.226584 37.506490
-122.260590 37.682286
-122.707290 37.730413
-122.578988 37.554450
-122.306257 37.943315
-122.835874 37.577992
-122.584573 37.868817
-122.791190 37.563712
-122.380805 38.017896
-122.363215 37.834170
-122.511658 37.825987
-122.290133 37.549835
-122.809840 37.587624
