11.538555 43.786499
10.828445 43.785731
11.065879 43.993717
11.545540 43.627496
11.673880 43.667800
11.075611 43.872618
11.393525 44.065590
11.410504 44.002830
11.235398 43.452418
11.674410 43.875844
11.148143 43.629833
11.484722 43.696435
11.032105 43.818801
11.517765 43.604995
11.675447 43.671503
11.103401 43.817024
10.868091 43.792054
11.231987 43.640401
11.390308 43.569981
11.119700 43.939387
11.694687 44.047045
11.348587 43.707764
11.126615 43.890668
11.298168 43.664970
11.653410 43.992208
10.823356 43.491593
11.143519 43.863550
11.623505 43.791792
11.336820 43.573142
11.263413 43.897972
11.187084 43.867225
11.333730 43.904002
11.510402 43.542066
11.582134 43.962503
11.101805 43.927316
11.520403 44.073847
11.173341 44.012917
11.475614 43.453986
11.228141 43.715470
11.450963 43.596943
11.275126 43.868702
11.612646 44.045535
10.896923 43.490500
11.370381 43.942954
10.954944 43.702878
11.437085 43.706071
11.377380 43.581341
11.181882 43.450664
11.308041 43.470133
11.588763 43.535586
11.453187 43.813100
10.846574 43.627977
10.871625 43.575792
11.472595 43.930804
11.618922 43.752073
11.124200 43.951802
11.286914 43.746911
10.945906 43.844535
10.976220 43.550088
11.299667 43.544920
11.167949 43.950585
11.327132 43.704578
11.011719 44.069346
11.354163 43.839523
11.105366 43.719332
11.199756 43.893588
11.569940 43.594564
11.572102 43.958193
11.132111 44.049246
11.149415 43.490820
11.324850 43.494837
11.255038 43.784124
10.896584 43.716995
10.883279 43.532676
11.277436 44.037427
10.840812 43.896869
11.109766 44.072158
11.632132 43.746634
11.369220 43.552849
11.411307 43.808319
11.546747 43.878478
10.967994 43.777231
11.269900 43.832803
11.530140 43.837052
11.505717 43.500769
11.488210 43.465361
11.339127 43.453623
11.614615 43.544087
10.973490 43.925500
11.081330 43.565221
11.411910 43.521985
10.955269 43.906890
11.248893 43.652579
11.398882 43.487129
11.067761 43.710620
11.224132 43.545463
11.091820 43.697621
10.974426 44.083312
11.416994 43.822070
11.114927 43.922274
11.089983 44.050853
11.224189 43.917607
11.577457 43.890098
11.399216 43.459344
11.430337 43.577828
10.956243 43.722721
11.268297 43.994967
10.964847 43.515416
10.977524 43.920775
11.144028 44.027392
11.117672 43.737306
11.205189 43.592041
11.507274 43.537945
10.854916 43.655949
11.459857 43.597049
11.607099 43.463137
11.666814 43.541708
11.574101 43.946562
11.220090 44.094792
10.849130 43.457487
11.084909 43.641630
11.303177 43.965517
11.219156 43.850248
11.249650 43.579543
10.992877 43.803724
10.906028 43.597555
10.859890 43.514818
11.170004 43.749037
11.239318 43.823546
11.574259 43.586553
11.338148 44.028091
10.915675 43.616288
11.127531 44.008682
11.219553 43.937263
11.250245 44.073350
11.426249 43.500386
11.316983 43.454703
11.619813 43.812477
10.882024 44.102230
11.132072 44.041082
11.399636 43.663370
11.563717 43.639141
10.817802 43.956064
11.176506 43.787208
11.305288 43.604513
10.931940 44.001755
11.290779 43.741379
11.565027 43.857016
11.534209 43.530073
11.598166 43.752270
11.360831 43.997010
10.960998 43.646855
11.032066 43.535504
11.577487 44.081795
11.370796 43.642190
11.661341 43.458754
10.945889 43.916504
11.065160 44.078657
11.032785 43.832486
10.892820 43.673013
11.149220 43.835951
11.582029 43.561692
11.039333 43.745761
11.574608 43.706017
11.233251 43.723692
11.291586 43.722899
11.096395 43.588110
11.352773 43.562540
11.112757 43.893602
11.014991 44.088248
11.350922 43.647277
11.604901 44.058334
10.960798 44.091014
11.114152 43.711682
11.386444 43.759444
11.551882 43.640573
11.058321 43.863010
11.106296 43.518473
11.126710 44.081850
11.273039 43.606466
11.593392 43.812066
11.575588 43.464374
11.451564 44.002669
11.329243 43.591734
11.681167 43.900591
11.412031 43.714727
10.935843 43.884694
11.347793 43.777348
11.272887 44.067497
11.618304 44.087213
11.362214 43.527880
11.593451 43.972952
11.268910 44.009931
11.600503 43.699033
10.841589 43.719906
11.445089 43.766779
11.317155 43.780765
11.313855 43.640126
11.038433 43.853479
11.322945 43.901394
11.133672 43.821533
11.518818 43.458922
11.040786 43.657159
10.982768 44.020002
11.183768 44.027245
11.286967 43.959535
11.680386 43.741636
11.276436 43.666076
10.878547 43.697632
10.839255 43.509018
11.637280 44.031000
11.375130 43.871161
11.234194 44.045817
11.221402 43.673529
11.196441 43.686972
11.538018 43.757741
11.371397 44.062511
11.474567 43.753723
11.522189 43.622925
11.057647 43.697648
10.912039 43.874851
11.692546 43.882791
11.232801 44.097918
11.634108 43.487596
11.377379 43.707002
11.235273 43.960564
11.152789 43.948563
11.253355 43.626287
11.648252 43.846571
11.235461 43.783081
10.816432 43.836190
11.177930 43.930261
11.597776 43.520905
10.832098 43.827473
10.969608 43.957537
10.924178 43.571759
10.914122 43.857772
10.822531 43.668842
10.991587 43.784096
11.348756 43.927956
11.499971 44.068561
11.186078 44.017562
11.188906 43.584344
11.246008 43.976797
10.872721 43.498494
11.201410 44.060916
11.238048 43.891048
10.928244 43.555717
11.053199 43.935284
11.320105 43.916193
11.042313 43.644412
11.326233 43.478539
11.399172 43.491482
11.231588 43.717026
11.622207 43.486687
11.083413 43.800678
11.353627 44.007876
11.497310 43.999088
11.612434 43.832540
11.324152 43.486159
11.548452 44.003986
11.122172 44.010764
10.990504 43.735703
10.959624 43.878257
11.274729 44.095410
11.108158 43.452515
11.544400 43.535947
11.094351 44.079426
11.092280 43.713508
11.406470 43.447466
10.838344 43.866041
11.101734 43.753783
11.311117 43.769707
11.342558 43.805708
11.189220 43.959227
11.120542 43.788947
11.206663 43.516646
11.393093 43.860330
10.990123 43.946251
11.389459 43.711099
11.321050 43.771623
11.406786 44.097109
11.120582 43.521589
11.694998 43.444478
10.977295 44.006566
11.268655 43.622090
11.603645 43.458441
11.469752 43.696222
11.493203 44.077663
10.869396 43.987997
11.098457 44.059294
11.335992 43.601186
10.850889 43.661879
11.539905 44.040873
11.217383 43.699842
11.377476 43.528564
11.088979 44.095480
11.526379 43.440568
10.841693 44.094562
10.937132 43.754313
11.362341 43.933968
10.949400 43.888300
11.606413 43.525794
11.471195 43.491297
10.858314 44.032349
11.401751 43.618555
10.984408 43.936301
11.005674 43.594728
11.079058 43.838559
11.075616 43.634205
11.140253 43.511655
11.393184 44.078983
10.853980 44.077532
11.661466 43.576060
11.052422 43.940849
11.115370 43.906897
11.233575 43.513897
11.061484 43.551853
11.638622 43.749700
11.162300 44.096513
11.312456 43.460199
11.534009 44.001270
11.483636 43.458456
11.473674 43.570727
11.659549 43.674919
11.151323 43.693660
11.688077 43.821798
10.863314 43.483022
11.669664 43.721749
11.694331 43.528261
11.041525 43.593923
11.123497 43.536393
11.363311 43.520364
11.284946 43.961512
11.001194 43.728733
11.078490 43.720528
11.526690 43.526715
11.028164 44.054125
11.614098 43.509120
11.501804 43.919575
11.394734 43.532791
11.178012 44.102896
11.347260 43.983248
11.661193 44.013591
11.597122 43.720935
11.379586 43.553747
10.821558 44.042659
10.921519 43.646848
11.261487 43.484574
11.186815 43.759188
11.688965 43.843402
11.133362 43.486701
11.600221 43.682069
11.178866 43.485090
10.832732 43.445303
11.642652 43.528718
11.410051 43.619307
11.108012 43.599776
11.234733 43.949847
11.347015 43.631504
11.391163 43.931366
11.361687 43.933853
11.480210 43.613949
11.409069 44.023980
11.484067 43.892733
11.424133 43.976874
10.856950 43.770657
10.924851 44.037884
11.232815 43.789146
11.345854 43.715019
11.102909 44.053817
11.080265 43.714364
11.154586 43.833806
11.235278 43.715689
11.023308 43.554001
11.353412 43.581271
11.412084 43.574094
11.074434 43.764249
10.995665 43.848730
11.370053 43.764705
11.643072 43.509315
11.362998 44.033088
11.514170 43.709813
11.469702 44.014727
11.567589 43.830090
10.862377 44.054839
10.935657 43.528435
10.954120 43.453032
11.160020 44.001893
11.250206 44.037020
11.297512 43.498129
11.662745 43.851506
11.575059 43.589926
10.900610 43.934968
10.908816 43.544384
10.906376 43.552974
11.305158 44.023274
11.693729 43.558907
11.265643 43.641780
10.970767 43.714734
11.565703 43.716345
11.663645 43.974257
11.055929 43.478827
11.431344 43.709333
11.553951 43.453547
10.929342 43.923796
11.656357 43.611228
11.458184 43.479028
10.921403 44.068822
11.586551 43.610888
11.431818 43.956168
11.465838 43.637516
11.038493 43.845630
11.103336 43.736103
11.604536 43.861751
10.834482 44.090805
11.592839 43.513601
11.203258 43.616639
11.398167 43.746047
11.016451 43.621982
10.862959 43.810737
11.276446 43.628384
11.558235 44.038968
10.930016 43.565455
11.034502 44.042818
11.606511 43.791331
11.235054 43.817887
11.156334 43.512997
11.138522 43.797492
11.278564 43.447692
11.403686 43.570366
11.632057 43.915660
11.521193 43.795901
11.540988 43.946242
10.904416 43.748300
11.247432 43.724180
11.203348 43.798367
11.051164 43.742291
11.444054 43.945158
10.884781 43.979412
11.088100 43.926287
11.520640 44.070315
10.887524 43.827851
10.988839 43.600549
11.262046 43.668589
11.596165 44.054074
11.313185 43.485146
11.363462 43.543049
10.872849 43.969919
11.464636 43.705295
11.567821 43.622647
10.853721 43.626736
10.976901 43.538803
11.506199 43.613164
11.303361 43.720401
10.907139 43.610068
11.657225 43.447718
11.221113 43.632426
11.688388 43.810174
11.415483 43.950575
10.992778 43.606384
11.327434 43.946007
11.432666 43.482401
11.643594 43.912737
11.416670 43.668096
11.512625 43.535870
11.239254 43.828847
11.619872 43.502750
11.443322 44.040789
11.216791 43.992273
11.056382 43.485390
11.621802 43.585179
11.525957 43.528113
11.278867 43.764842
10.937316 43.740344
11.431164 44.003069
11.165177 43.747278
11.312059 44.002549
11.170526 43.621555
11.515876 43.999454
11.293060 44.018197
11.243341 43.645296
11.227934 43.748587
11.198809 43.577853
11.051077 43.569617
11.188073 43.482873
10.829970 43.950983
10.913799 43.865295
11.438588 43.838541
10.834277 43.739890
11.575772 43.922840
11.368062 44.047532
11.270975 43.575077
11.323366 43.832801
11.125291 43.831678
10.922052 43.562464
11.158165 44.041324
10.960720 44.069182
10.906671 43.871355
11.366221 43.539982
10.827384 43.532332
11.126308 44.064549
11.118510 43.968659
10.855781 43.714782
11.561276 43.714989
10.839610 43.884734
11.531466 43.611883
11.427599 43.528131
11.156181 43.585522
10.879989 43.612312
11.082399 43.848786
11.574534 44.038138
11.430776 43.763184
10.964896 43.566516
11.515642 43.936104
11.517741 43.609051
11.166198 43.829192
10.814566 43.848216
11.104426 43.783406
11.564440 43.924574
11.049495 43.594773
11.017320 44.094734
11.562996 43.921472
11.188197 44.076324
10.990644 43.532442
10.880880 43.746334
11.325410 43.529769
11.444664 43.716593
11.303743 44.025363
11.513166 43.853409
10.942661 43.536317
10.968387 44.038871
11.691704 43.448085
10.850176 43.637129
11.359371 43.627890
11.066440 43.850561
11.493521 43.841714
11.575213 43.466429
11.146683 44.009750
11.029931 43.694748
11.558226 43.714487
11.547691 43.473510
11.327945 43.585077
11.479045 43.444053
11.006785 43.538757
11.077892 43.509707
11.181644 43.885599
11.056811 43.509024
11.001804 43.705654
10.945983 43.451332
10.838507 44.007574
11.285410 43.522840
11.646703 43.639816
11.495103 43.953181
11.578398 43.622621
11.157705 43.698317
11.563804 44.040358
10.824710 43.749661
11.386661 43.916891
11.198727 43.521722
10.854004 43.956548
11.680058 43.925774
11.668640 43.645471
11.257665 43.521427
11.079747 43.626616
10.842745 43.875508
10.983317 44.055879
11.227030 43.674358
11.142764 43.501696
11.115168 44.040781
10.982948 44.087429
11.330620 43.872702
11.253358 43.888148
11.160629 43.878336
11.212455 43.960920
11.282449 43.692442
11.104582 43.958107
11.208785 43.989821
11.538107 43.864711
11.186764 43.759269
11.299503 43.714522
11.112000 43.672603
10.819336 44.030129
11.100495 43.695885
11.280125 44.011049
11.576097 43.586077
10.849697 44.088799
11.314212 43.790029
10.916830 43.925852
10.864918 43.600003
11.102363 43.645053
11.644991 43.665499
11.415203 43.795018
11.281693 43.833343
11.578830 43.472145
11.152715 43.483015
11.334033 43.951673
11.038376 43.965073
11.655069 43.953791
11.107779 43.993126
11.026600 43.531549
11.597020 44.066385
11.434845 43.535830
11.386761 43.653406
10.977191 43.547234
11.263481 43.840509
11.563546 43.932050
11.467629 44.090037
11.657154 43.515063
10.961528 43.576398
11.386713 43.768456
11.551292 43.769772
11.246498 43.601805
10.826163 43.602980
11.551702 43.782223
10.966700 43.558115
11.273183 43.486896
11.449183 43.884878
11.007396 43.720895
11.570737 43.451498
11.271478 44.055280
11.001195 43.774155
10.871932 44.048444
11.258531 43.631677
11.312402 43.472217
11.398567 44.033764
10.984332 43.583742
11.223609 43.640430
11.660311 43.674795
10.970915 43.716304
11.232334 44.067787
11.275471 43.718987
11.369898 44.027948
11.348355 43.457842
11.689991 43.837645
11.417143 43.734181
11.493606 44.015365
11.423490 43.710717
10.999283 43.598192
11.119950 43.867231
10.919540 43.542690
11.623736 44.012976
10.951851 44.058692
11.323345 43.696121
11.143070 44.092874
10.951737 43.548681
11.495289 43.474527
11.080394 43.656680
11.312059 43.960185
11.401213 43.467091
10.868466 44.049599
11.010228 43.694072
11.038069 43.564570
11.165193 43.651544
11.611381 43.951527
11.000116 43.679767
11.231322 44.100633
11.470999 44.076656
11.358446 43.685209
11.160353 43.987250
11.516178 44.049634
11.187740 43.959385
10.919154 43.560959
10.981196 43.609755
11.193180 43.511409
11.551677 43.966832
11.091290 43.975552
11.063043 43.469039
11.553744 43.962860
11.056763 43.787139
10.896512 43.480447
10.994944 43.814209
11.333775 44.090286
10.970820 43.953003
11.297417 43.627287
11.086988 43.596687
11.572589 43.930637
10.912312 44.028983
10.829877 43.706735
10.938958 43.849775
11.461665 44.100923
10.894618 44.103900
11.162555 44.089176
10.973132 43.983032
11.081595 43.835843
10.818242 43.808091
11.521446 43.971453
11.264548 43.903387
11.409352 43.948172
11.187001 43.755511
11.650133 44.099556
11.267319 43.485479
11.440676 43.762280
11.365851 43.819740
11.603401 43.682874
11.184319 43.612186
10.950613 43.505987
11.114633 43.610194
10.999530 44.035416
11.132787 44.092981
11.454464 44.071053
11.477876 43.509190
10.901062 43.483642
11.055445 43.626456
10.842928 43.636356
11.083579 43.720012
10.954953 43.662474
11.046838 44.094276
10.859567 43.564072
11.152701 43.845474
11.006889 43.877856
11.090872 43.744437
11.288408 44.044808
10.856067 43.533906
11.117518 43.804585
11.253384 43.480856
11.253015 43.760516
10.994787 43.656310
11.185537 43.925190
11.159898 43.851449
10.843974 43.732429
11.588352 43.851130
11.692339 43.674900
11.261062 43.577273
11.246982 43.556340
11.448021 43.946883
10.882670 43.828908
11.254314 43.457109
11.621973 43.691635
11.045941 43.633667
11.576624 43.751296
11.010219 44.018987
11.677255 43.717631
11.405829 43.647030
11.247928 43.755417
11.040813 43.714219
10.821910 43.506544
10.911146 43.593445
11.660193 43.780813
11.253016 43.678750
11.060747 43.476120
10.848649 43.739406
11.397041 43.649242
11.407924 43.559540
10.943820 43.747480
11.603195 44.098438
11.429622 43.833282
11.552441 43.888221
11.085282 43.652543
11.218686 43.496102
10.861556 43.914886
11.387111 43.746328
11.617771 43.701418
11.025981 43.769723
11.076125 43.810469
10.971532 43.859421
11.634904 43.776631
11.671238 43.566371
11.663623 43.621095
11.348852 44.014736
11.333523 43.937155
11.182299 43.960530
11.641241 43.927745
11.133413 43.498742
11.577354 43.447750
11.029009 43.444140
10.819374 43.883558
11.022445 44.088645
11.090432 43.647161
11.408746 43.494282
11.673634 44.059243
10.913477 43.471305
11.214398 43.602781
11.588892 43.511965
11.220440 43.791597
11.350195 43.890669
11.587495 44.048242
11.165767 43.851635
11.562184 43.625413
11.595540 44.041733
11.168814 43.846671
11.151484 43.817495
11.666838 44.103614
11.360270 43.679409
11.359982 43.911512
11.058342 43.877610
11.241751 43.763703
10.837299 43.614306
10.979076 43.546323
11.452368 43.765334
11.011546 43.781038
11.543571 43.560031
11.169395 43.953629
10.965785 43.473486
11.632885 43.684196
11.685812 43.633826
11.538981 43.521029
11.512542 43.527722
10.820697 43.866791
11.036077 43.519273
11.070854 43.819475
11.017066 43.991415
11.513916 44.075516
11.316170 43.575712
11.695262 44.102029
11.350808 43.797350
11.614463 43.473151
11.440301 43.529814
11.595179 43.993671
11.087802 43.834683
11.143785 43.697467
11.473250 43.920095
11.527978 43.855536
11.278109 43.687043
11.344098 43.540342
10.970263 43.945889
11.222450 44.000207
11.356831 43.467707
11.221704 43.506724
10.934156 43.444033
10.821685 43.716960
11.216366 44.103373
11.180976 44.042715
11.279739 43.750087
11.330515 44.069416
11.119035 43.506613
10.832313 43.550488
11.331958 43.951158
11.511133 43.748889
11.083873 43.687193
11.590049 43.945121
11.518726 43.682793
11.133663 43.662174
11.494080 43.450875
11.160893 43.467154
10.983259 43.995169
10.995961 43.983255
11.304778 43.783866
10.977683 43.693124
11.597492 43.585295
11.086511 43.823451
11.345554 43.792689
11.600933 43.746417
11.434303 43.776533
10.829228 43.636009
11.177259 43.707641
11.118333 43.738769
11.483281 43.627297
11.583028 43.738675
11.324796 43.659634
11.216607 43.519986
10.893493 43.790433
11.658238 43.581344
11.653315 44.004021
11.694886 43.630208
10.925496 43.853900
10.959309 43.877631
11.561910 43.877754
10.961937 43.717755
10.928689 43.934822
11.692610 44.049949
10.915097 43.464307
11.283979 43.609975
11.617742 43.974954
10.989021 43.704595
11.383145 44.042798
10.980795 43.943194
10.978917 43.651326
11.449200 43.447541
11.669596 43.477438
11.334281 44.051539
11.693570 43.609200
11.192283 43.734651
11.637557 43.513689
11.418917 43.591967
11.508499 43.681298
11.218798 43.605088
11.230500 44.019972
11.000932 43.624232
11.510311 44.056940
11.173762 43.736031
10.913014 44.034255
11.056921 44.021017
10.898494 43.592003
11.643530 43.881662
11.098222 43.977491
11.093714 43.980902
11.072441 43.686863
10.945871 43.770962
11.248644 43.968315
11.089601 43.948194
11.481656 43.482922
11.349238 44.025104
11.165931 43.615819
11.036982 43.882330
10.853061 43.901489
10.985204 43.814359
11.653186 43.597313
11.555255 43.908332
11.148732 43.681231
11.249155 43.670873
11.288306 43.905646
11.076908 43.475857
10.838729 44.098848
11.616084 43.602347
10.969207 43.457501
10.933008 43.906423
11.448039 43.650180
11.472476 43.481838
11.566622 44.005694
11.318515 43.630863
11.384399 43.575742
11.461533 43.640471
11.384788 43.534847
11.598024 44.089038
11.611546 43.736070
11.023266 43.521509
11.085766 43.955829
10.899027 43.586195
11.159080 43.837151
11.388581 43.628038
11.546952 43.674564
11.078521 43.890690
11.475012 43.612122
11.495717 44.089401
11.694061 43.652824
11.263322 43.582106
10.881790 43.632091
11.048546 43.989806
10.817505 44.025205
11.505073 43.987564
11.136489 43.775079
11.042824 43.515829
11.241093 43.701068
11.181629 43.792652
11.013409 43.870913
11.390691 43.862449
11.613240 43.608485
11.616721 43.442707
10.988645 43.660042
10.897923 43.482683
10.899642 43.889459
10.873011 43.623371
11.361570 43.475410
11.493646 43.521696
11.366209 43.467117
11.507529 43.816029
11.089202 44.072214
11.681853 43.574424
10.821179 43.564361
11.299186 43.991439
11.555848 43.594787
11.545322 43.902900
11.078794 43.682940
11.670249 44.007619
11.425639 43.666933
11.116190 43.724016
11.339040 43.936272
11.104353 44.091580
11.079746 44.045986
11.498828 43.770583
10.984869 43.767815
10.948477 43.665212
11.306914 43.568925
11.148940 43.815869
11.546987 43.787325
11.429878 43.573381
10.910894 43.529076
11.626024 43.587846
10.863772 43.527698
11.255808 43.787334
11.598105 43.591781
11.204463 44.061308
10.999767 44.084505
11.135278 44.056117
11.607471 43.538643
11.004257 43.743773
11.012661 43.933234
11.587987 43.849253
11.289369 43.887515
10.936463 44.025287
11.295547 43.745128
10.823292 43.582550
11.446035 43.571488
10.932159 44.089623
10.821099 43.834382
11.105281 43.744843
11.244568 43.833506
10.848680 44.076516
10.892471 43.580256
11.422050 43.581963
10.838003 43.499931
11.403633 43.529376
10.886578 43.936580
11.194002 43.819495
10.833648 43.622934
11.364440 43.841311
11.156645 43.914119
11.304553 43.758439
11.515502 43.501419
11.014483 43.447959
10.925466 43.766491
10.917897 43.467792
11.538092 43.498163
10.966513 43.582323
11.066422 43.997878
11.404676 43.587129
11.530478 43.555088
11.616578 43.936869
10.821832 43.918145
11.360335 43.632012
11.617829 43.606346
11.540610 43.907879
10.870227 43.929587
11.337103 43.733353
11.188615 43.612689
11.016094 43.485816
11.047916 44.028976
11.232570 43.489289
10.928949 44.025913
11.360551 43.553582
11.060234 43.692731
10.962283 44.066017
11.473187 43.662623
11.089319 43.832900
11.076652 44.058495
11.312042 43.537505
10.860613 43.746627
11.302048 44.043740
11.468111 43.606702
11.474679 43.781288
10.939084 43.992616
11.107290 43.593451
11.432254 43.736698
11.217040 43.691183
10.957031 43.818768
11.089698 43.719975
11.340709 43.842274
11.126818 43.463445
11.068185 43.595142
11.154610 43.477751
11.416086 43.492817
11.666508 44.018411
11.632426 43.785958
11.236577 43.913834
11.682339 43.912827
11.280205 43.554277
11.376200 43.563908
11.140446 43.579179
11.244562 43.789302
11.411618 43.670731
11.038915 43.602448
11.489616 43.443133
11.642370 43.525070
11.332548 43.443971
11.357466 43.748628
11.169325 43.689941
11.623389 44.008118
11.490806 44.014997
11.663823 43.471772
11.012418 43.525780
11.002614 43.883336
11.506958 43.871133
11.651972 44.096873
11.144741 43.754886
11.360667 43.614874
11.594773 43.907000
10.836347 43.992252
10.840580 43.547862
11.159532 43.531764
11.041003 43.756823
11.608027 43.756470
10.970705 43.692830
11.628705 43.887950
11.649098 43.996128
10.929170 43.965980
11.401686 43.936467
10.939122 43.707819
11.682362 43.515670
11.556361 43.547658
11.127342 44.040513
11.676144 43.589808
11.560056 43.973419
11.593466 44.039251
11.403975 43.989232
10.834382 43.741341
11.601401 43.490366
11.362677 44.094352
11.318108 43.675174
11.372782 43.946668
11.261004 43.514630
11.694710 44.065787
11.435541 43.858881
10.819326 43.599354
11.116725 43.588773
11.350844 44.101944
11.469378 43.984223
11.048025 43.932909
11.354319 43.971301
11.471141 43.695222
11.308881 44.089948
11.474672 43.488679
11.241034 43.888687
11.078150 43.893165
11.371411 43.517234
10.964794 43.905223
11.112248 43.588015
11.617453 43.768092
10.844667 43.853329
11.525730 43.538080
11.612780 43.627534
11.506524 43.565447
11.384274 43.679570
11.522252 43.573401
11.119928 43.759282
11.346179 43.603081
11.543071 43.487341
11.393648 43.931435
11.070999 44.019272
11.439162 43.881963
10.934720 43.454302
11.239514 43.688738
11.553096 43.562318
11.169588 44.062328
11.158479 44.064780
10.944108 44.055189
11.477382 43.496928
11.322616 44.084610
11.108351 43.616201
10.852886 43.779522
10.828974 43.685764
11.506534 43.898482
11.605746 44.043292
11.362721 44.088338
11.564465 43.650869
11.047273 43.968979
11.551042 43.443088
11.246791 43.940822
10.863628 43.498204
11.299817 43.479150
10.949230 43.859808
10.854595 43.613839
10.946040 43.691792
10.880884 43.930086
11.135538 44.045420
11.393587 43.883062
11.204407 44.044736
11.513604 43.513550
11.378015 43.877627
11.007443 43.592503
10.878768 43.667504
11.477559 43.814438
11.408423 43.909268
11.235611 43.489711
10.864502 43.885130
11.178077 43.899300
11.244461 43.563833
11.131273 43.669828
11.530635 43.803552
11.563976 43.969754
10.952016 43.731964
11.488776 44.047690
11.137716 44.052718
11.483308 43.685872
10.954739 43.697196
11.059174 44.088108
10.979680 43.602708
11.364663 43.737686
10.964816 43.454378
11.035210 43.617371
11.050155 43.563686
10.815790 43.821328
11.446074 43.525448
11.560463 43.941316
11.356304 43.868570
11.588315 44.037965
11.313666 44.051561
11.682214 43.543555
10.917716 43.841961
11.042212 43.746126
11.140521 44.079657
10.885039 44.040425
11.035697 43.582337
11.144377 43.690420
10.911553 43.864280
11.399873 44.020858
11.688486 43.486179
10.972781 43.809226
11.263534 44.053013
11.504770 43.831243
11.331007 44.080563
11.193974 43.997694
11.115653 43.952592
11.254303 43.469794
11.135214 43.533149
11.554918 43.845719
10.889232 43.831422
11.355320 43.570464
11.491739 43.631639
11.032341 44.024144
11.362125 43.702130
11.240848 43.996037
11.607604 44.021262
11.275821 43.819213
11.210272 43.590721
11.650889 43.924450
11.651336 43.791138
11.130639 43.474218
10.855411 43.571841
11.100140 43.725147
11.408864 43.536472
11.279833 44.067248
10.863409 43.959565
11.550744 43.923323
11.254608 43.699108
11.003365 44.029117
11.480935 43.984073
11.439589 43.552485
11.221242 43.715046
11.147139 43.444629
11.069477 43.448581
11.227653 43.670054
10.911417 43.834804
11.144207 43.885025
11.550607 44.030630
11.305292 43.481437
11.394748 43.480560
11.010292 43.527012
11.307866 43.968484
10.987954 43.697367
11.160610 43.828798
11.622651 43.946251
10.952500 43.968338
11.213577 43.801254
11.330549 43.939437
11.150918 43.750923
11.324616 43.654197
10.919792 43.499881
11.645900 43.960748
11.253500 43.604575
11.216696 43.469471
11.025702 43.772152
10.914157 43.722816
11.378116 43.454267
11.242682 43.591504
11.065009 44.041243
11.581389 43.705742
11.694364 43.709593
11.462582 43.690938
11.376425 44.033049
11.173666 44.000509
10.857183 43.890224
10.927209 44.061232
10.875804 43.468066
11.630098 44.060852
11.546620 43.932169
11.638608 43.894526
11.071376 43.664647
10.933728 43.804306
11.046959 43.612442
11.291850 43.736509
11.403483 43.578694
11.574777 43.828615
11.485619 43.634439
11.549302 44.067679
11.526008 43.797037
11.190908 43.726063
10.920232 44.077404
11.338038 43.616667
11.691242 44.046571
11.664050 43.848438
11.576042 44.011072
10.831675 43.961051
11.630334 43.847925
11.656758 43.891610
11.116108 43.785148
11.566876 43.869602
10.998009 43.891431
11.393719 43.697620
11.514086 43.948459
11.467872 43.479086
11.177787 43.529372
10.943457 43.995989
11.683868 44.015856
10.820856 44.073879
11.168537 43.686991
11.619408 43.482624
10.946021 44.048672
11.545441 43.969020
11.177272 43.732193
11.530238 44.050739
11.301382 43.984626
11.176253 43.572029
10.858365 44.014342
11.686721 43.630421
11.637859 43.738677
11.247424 43.909687
11.071672 43.662157
11.327170 43.847792
11.343378 44.004161
11.615497 43.984038
11.317315 43.941493
10.886404 43.815841
11.355118 44.064259
11.132782 44.029463
11.419912 43.517416
11.538538 43.563931
11.455523 44.089386
11.599626 43.763620
11.543416 43.832406
11.312933 43.492393
10.948184 43.649887
11.256417 43.523373
11.255217 43.921901
10.972521 43.855184
11.079610 43.453712
11.231321 43.618749
10.941190 43.556415
11.162187 43.912968
11.174434 43.816004
11.340026 43.650474
11.483239 43.444314
11.587984 43.486203
11.680292 43.848720
11.460161 43.590354
11.475998 44.038657
11.067076 43.570325
10.891723 43.786975
11.052349 43.530931
11.051061 43.867414
10.953258 43.524953
10.951998 43.523636
11.085060 44.073057
10.892794 43.794168
11.251658 43.673234
11.109535 43.888800
10.876353 43.681555
11.543066 43.994169
11.152729 43.539411
11.300706 43.894750
11.242320 43.473586
11.671277 43.785350
11.022888 43.965629
11.556824 43.517490
11.172286 44.046669
10.921220 43.629076
11.249579 43.838231
11.470693 43.651969
11.389102 43.889076
11.330839 44.018462
11.656210 43.900928
11.155250 43.652305
11.365095 43.680330
10.918436 43.713665
11.085427 43.486791
10.897734 43.967083
11.421616 43.984636
11.354103 43.915046
10.916591 43.848859
11.289774 43.788207
11.124614 43.794727
11.478230 43.765324
10.883794 44.080933
11.078155 43.842617
11.008747 43.476972
11.381000 43.914314
11.102135 43.802326
11.121958 43.900527
10.948217 43.893763
11.028365 43.874646
11.610333 43.834301
10.877188 43.662038
11.443964 43.508087
11.521306 43.729382
10.877748 43.566541
10.965464 43.795458
11.502302 44.043185
11.532745 43.600459
11.489352 44.049441
11.604060 43.995327
11.089035 43.440204
11.265141 43.922115
11.282279 43.446720
11.332696 43.912018
11.178320 43.994400
11.518332 43.834262
11.042092 44.103385
10.855888 43.575083
11.035000 44.024128
10.990093 43.700780
11.528976 43.455612
11.413533 43.580368
11.679749 43.899951
10.980210 43.563342
11.575834 43.733939
10.967092 43.446771
11.011837 43.887870
11.413836 43.930650
10.910983 44.088924
11.501836 43.937082
11.018790 43.585280
11.104129 43.547295
10.826345 43.953104
10.923348 43.569975
11.640136 43.885410
11.489497 43.794475
11.086036 43.448127
11.686726 43.973089
10.894552 43.903984
11.217530 43.697289
11.370695 43.641104
11.265635 43.784837
10.853340 43.704350
11.115475 44.021249
10.999186 43.718762
11.460333 43.914767
10.879991 43.801866
11.260581 43.777020
10.900671 43.660931
10.934769 43.857821
11.366035 43.735042
10.878824 43.621226
11.132098 43.924316
11.400323 44.081038
11.269408 43.736033
10.857443 43.529406
11.484969 44.081778
11.582851 44.056410
10.847488 43.918553
11.539411 43.745930
10.976343 43.447642
10.912143 44.062056
11.672250 43.565273
11.668272 43.835994
11.274472 44.091421
11.392736 43.966608
11.302015 44.044590
11.064319 43.896505
11.040152 43.810050
11.456806 43.842160
10.877049 43.905304
11.633899 44.049184
11.367008 43.510773
11.143851 43.613831
11.401300 43.691423
11.215845 43.594781
11.251217 43.950165
11.690540 44.042544
11.572831 43.538085
10.972586 43.694229
11.353530 43.642869
11.428338 43.462787
11.627547 43.528574
10.935397 43.916614
10.928421 43.834222
11.190266 44.010021
11.043193 43.893851
11.664323 43.554034
11.110443 43.930056
10.966543 44.046243
11.040256 43.642127
11.339414 44.009716
11.298994 43.780544
11.128831 43.600507
10.903307 43.663052
10.963949 43.943571
11.653304 43.508332
11.683813 43.845331
10.985171 43.642264
10.865825 44.079010
11.691375 43.669191
11.131336 43.862872
11.086561 43.545352
11.004108 44.047470
11.445333 44.062202
11.534472 43.878913
11.672824 44.065532
11.600532 44.091004
11.113558 43.915364
11.277769 43.585048
11.522072 43.920036
11.635046 43.804284
11.673471 43.557815
11.678630 43.728458
11.391692 44.052197
11.504354 43.787263
11.452903 43.760356
11.669828 43.603011
11.184942 44.006170
11.420316 43.448219
11.449281 43.951080
11.105032 43.964369
11.111200 43.463591
11.547690 43.549894
10.947231 43.727515
11.170942 43.578447
10.863892 43.747421
10.932454 43.624708
11.516483 44.101289
11.105406 43.947758
