139.397427 35.518328
139.869782 35.744839
139.517968 35.866985
139.584539 35.883269
139.725977 35.891494
139.804844 35.521286
139.402798 35.724338
139.957791 35.436807
139.376833 35.770728
140.111620 35.403429
139.448945 35.981171
140.116267 35.726746
139.646652 35.999282
140.181643 35.455671
140.094171 35.745707
139.683798 35.600672
139.355676 35.903654
139.499289 35.788972
139.819017 35.594338
139.960232 35.898596
139.777785 35.707814
139.442531 35.466662
139.948129 35.525671
139.509520 35.667068
139.504740 35.935306
139.803327 35.535429
139.416422 35.861239
139.470935 35.656718
139.616902 35.618669
139.482257 35.376386
140.181724 35.801427
139.990604 35.502347
140.100587 35.572153
139.538447 35.541849
139.692437 35.907418
139.487804 35.482732
139.500442 35.479065
139.576731 35.402982
139.781244 35.513388
139.683698 35.773341
139.544798 35.974530
140.089500 35.511107
140.108079 35.499734
139.963972 35.930319
139.597823 35.991042
139.875192 35.401049
139.394749 35.406025
139.548996 35.726556
139.893388 35.400129
139.500597 35.809522
139.419684 35.390858
139.989934 35.517996
139.716898 35.910562
139.403433 35.459103
139.717983 35.786002
139.628551 35.860167
139.990206 35.631229
139.544269 35.835971
140.024260 35.637538
139.598000 35.964766
140.132500 35.948871
139.781580 35.462870
139.774835 35.905765
139.778087 35.702270
139.703752 35.558383
140.100466 35.514401
139.583800 35.588839
139.596688 35.865397
139.755395 35.423480
139.644864 35.666560
139.743687 35.903839
139.391531 35.784034
139.395862 35.937770
139.683710 35.471702
139.922643 35.647845
140.059205 35.625857
139.768381 35.458235
139.757704 35.553520
139.478041 35.792203
140.004452 35.487994
139.403319 35.594704
139.352592 35.386401
139.962852 35.962323
139.489013 35.787693
139.858656 35.880142
139.738300 35.965800
140.085260 35.438559
140.109664 35.547258
139.624793 35.640064
139.526674 35.454504
139.678215 35.597422
139.489785 35.533428
139.925622 35.533866
139.449149 35.472821
139.698125 35.874758
139.718238 35.694654
139.412015 35.908583
139.431487 35.934725
139.389612 35.919237
139.739536 35.899732
139.949628 35.504551
140.075831 35.745491
139.942464 35.876942
139.894602 35.389362
139.474035 35.898387
139.662554 35.776630
139.820918 35.809320
139.694453 35.576637
139.552169 35.675486
139.362509 35.880691
139.523694 35.390745
140.175525 35.400076
139.551107 35.746258
139.729169 35.486832
139.680203 35.994954
139.439748 35.839043
140.181433 35.989892
139.471314 35.577395
139.627630 35.881531
139.364586 35.946242
139.430672 35.481334
139.737894 35.730498
139.394918 35.862247
139.654235 35.980262
139.707280 35.721412
139.729685 35.988519
139.668920 35.603235
139.821436 35.516102
140.086004 35.624304
140.139740 35.853243
139.415451 35.498446
140.113422 35.598514
139.924305 35.895407
139.949893 35.943949
139.515506 35.819907
139.990287 35.569239
139.912824 35.531383
139.434523 35.922744
139.895803 35.982279
139.809946 35.706571
140.082130 35.813445
139.339076 35.759025
139.658897 35.375145
139.594191 35.725304
139.741788 35.715476
139.764347 35.980070
140.095933 35.786673
139.641191 35.986793
140.017604 35.844608
139.838164 35.401827
139.898009 35.787280
139.603594 35.726430
139.921682 35.742041
139.839097 35.745047
139.753011 35.630556
139.745644 35.888381
139.436515 35.665239
139.534412 35.811175
140.046467 35.681160
139.602397 35.444430
140.150219 35.838647
139.387126 35.891956
139.638605 35.755427
139.773079 35.729181
139.878607 35.681600
139.336225 35.877682
139.841009 35.664990
139.994322 35.681175
140.165963 35.520536
139.849129 35.528062
139.663635 35.683322
140.043920 35.744751
139.364770 35.838422
139.920956 35.876314
139.903906 35.547681
139.547681 35.393968
139.587315 35.872620
140.007158 35.547257
139.876009 35.926028
139.656573 35.858173
139.848657 35.869774
139.419811 35.530048
140.165140 35.806459
140.114459 35.670235
139.583147 35.617448
139.567813 35.626092
139.630757 35.801697
139.664748 35.826087
139.572210 35.564117
140.048184 35.400277
139.664281 35.860657
139.337430 35.634186
139.399289 35.649160
139.950057 35.678823
140.030280 35.403309
139.369892 35.576092
140.041417 35.680789
139.653419 35.377595
140.124708 35.526035
140.162748 35.923480
140.134238 35.504201
139.541336 35.835921
139.474058 35.397109
139.449357 35.391241
140.154149 35.717345
140.175097 35.780015
139.843184 35.516676
139.354086 35.637696
139.416125 35.442613
140.164837 35.450062
139.395161 35.847326
139.442090 35.413824
139.547846 35.888440
139.588440 35.434608
139.898051 35.806570
140.063028 35.760202
140.061003 35.851113
139.642199 35.380477
139.421530 35.450667
139.995120 35.833838
139.991905 35.864804
139.730545 35.689097
139.543571 35.871105
140.028031 35.710194
139.831401 35.388016
139.379715 35.373132
139.572025 35.849549
139.974153 35.935754
140.023214 35.891114
139.484803 35.721604
139.501876 35.934163
139.812109 35.706009
139.791138 35.665667
140.044133 35.502514
139.868874 35.723092
139.502844 35.659055
139.921869 35.614702
139.713963 35.597942
139.700921 35.676067
139.444499 35.555735
139.344669 35.629114
139.794407 35.389621
139.467678 35.373956
139.589491 35.422773
139.698541 35.546052
139.349514 35.650952
139.901476 35.427634
140.132122 35.836316
139.638034 35.672242
140.007952 35.730335
140.136413 35.849383
140.164532 35.832591
140.120708 35.479894
140.047321 35.798521
139.946261 35.705790
140.164551 35.991602
139.870160 35.663563
139.568152 35.819167
139.582887 35.632496
139.499317 35.389639
139.866232 35.423609
139.711215 35.686742
139.606631 35.974971
139.361930 35.893029
139.694193 35.617587
139.743245 35.439916
139.603629 35.980654
139.347583 35.967438
139.893715 35.735882
140.066315 35.815963
140.128400 35.793944
139.375124 35.731965
140.068965 35.648229
139.520666 35.769517
140.131099 35.854326
139.559847 35.458828
139.994917 35.503558
139.773346 35.755675
140.091310 35.932462
139.606277 35.786527
139.710948 35.939378
139.935577 35.803228
139.413453 35.633290
139.391232 35.665044
139.410693 35.448637
140.094376 35.698558
139.896747 35.879627
139.420510 35.935151
139.767845 35.834320
139.947635 35.964875
139.746603 35.552022
139.928749 35.816326
139.552125 35.875596
140.025917 35.461141
139.388981 35.975263
139.544949 35.737602
139.786668 35.616698
139.615354 35.579100
140.088170 35.471512
139.738677 35.679450
139.936581 35.991412
139.978855 35.751490
139.999047 35.930414
139.416577 35.597688
140.147735 35.929062
139.797671 35.484450
140.013255 35.962445
139.530895 35.707331
139.876756 35.814022
139.526742 35.478122
139.492577 35.459253
140.042648 35.994635
139.598752 35.821683
139.802095 35.676504
139.715943 35.954133
140.027937 35.474590
139.361634 35.503841
139.943717 35.808682
139.825698 35.720884
139.963212 35.892168
139.353226 35.770645
139.383476 35.689095
139.913764 35.862251
139.475200 35.538182
139.390839 35.485121
139.952847 35.569417
139.410253 35.530108
139.959051 35.568472
140.046357 36.004383
139.510078 35.930485
139.927960 35.551946
139.971049 35.447181
139.558088 35.910798
139.709440 35.436635
139.711222 35.628727
139.555594 35.406560
139.580449 35.416128
139.894011 35.624834
139.626089 35.804931
139.514495 35.413211
139.609237 35.849964
140.002453 35.439957
139.713976 35.834421
139.904402 35.649550
139.967376 35.698557
140.123461 35.537431
139.886941 35.773898
139.875148 35.963849
139.673222 35.370473
139.894767 35.713863
140.025134 35.456659
139.470807 35.875195
140.016641 35.537563
139.480372 35.514078
139.411046 35.466682
139.856490 35.896116
139.763825 35.475580
139.819611 35.835710
139.496427 35.659564
139.966901 35.793478
139.942087 35.725637
139.974360 35.952404
139.513396 35.736668
139.844367 35.743206
139.784433 35.896985
139.827926 35.832646
140.013929 35.781764
139.572858 35.948373
139.563862 35.965510
139.668199 35.734564
139.978208 35.565033
140.050065 35.777820
139.410916 35.573897
139.759819 35.904021
140.144609 35.742581
140.181637 35.518141
139.686287 35.868554
140.032153 35.781603
139.622115 35.460076
139.926423 35.771420
139.913936 35.971881
139.465418 35.404949
139.446256 35.788129
139.510775 35.713190
139.704105 35.839451
140.049435 35.382395
139.349669 35.982015
140.138164 35.712859
139.561242 35.939965
140.152576 35.816548
139.648702 35.926036
140.034671 35.890357
139.690826 35.705836
139.463751 35.614540
139.680420 35.844343
139.405644 35.617027
139.925752 35.823975
140.054109 35.945038
139.908291 35.534640
140.169757 35.465101
140.041358 35.932215
139.683473 35.720038
139.535499 35.504273
139.860022 35.715760
140.057126 35.986812
139.882082 35.621158
139.942613 35.924853
139.610691 35.915121
139.611157 35.627622
139.688364 35.580554
139.561568 35.856969
139.941968 35.674219
140.166246 35.500061
139.767573 35.470224
139.518388 35.989043
139.857485 35.606774
139.726092 35.378013
139.753885 35.998952
140.065267 35.984319
139.562264 35.961974
139.629458 35.638032
139.617762 35.687386
139.686141 35.565166
139.708427 35.705962
139.823278 35.635799
139.618173 35.963893
140.167278 35.957860
139.385150 35.845728
139.430067 35.479263
139.661591 35.703615
139.836039 35.641916
139.992403 35.558591
140.074115 35.873863
139.956935 35.627899
139.781131 35.498056
139.388130 35.958655
139.490616 35.376602
139.807048 35.558100
140.142840 35.978376
140.084617 35.477304
139.921681 35.538156
139.487728 35.945092
140.136335 35.970009
139.826519 35.674659
140.092045 35.646252
139.476059 35.984544
140.082965 35.535051
139.853322 35.848620
139.877435 35.371229
139.458267 35.498762
139.462631 35.486225
139.693581 35.642017
140.072140 35.674814
140.105827 35.868061
139.727066 35.408671
139.666805 35.977627
139.960073 35.793045
139.342052 35.414377
139.781229 35.766739
139.577397 35.493452
139.637444 35.906429
139.426404 35.452966
140.043955 35.607732
139.479315 35.993519
140.024797 35.730939
139.337053 35.962127
140.125160 35.711064
139.931276 35.995374
139.752028 35.397552
139.401164 35.708386
139.996476 35.873163
139.822653 35.386452
139.639866 35.649057
139.798666 35.493330
139.666040 35.439977
139.671840 35.450065
139.490458 35.665537
139.353687 35.658472
139.824896 35.604702
139.415681 35.503160
139.531486 35.548633
139.865776 35.663847
139.965407 35.812187
139.509367 35.675315
139.634121 35.578892
139.568605 35.603252
139.590223 35.738341
139.373733 35.440696
139.888387 35.728263
139.595952 35.507557
140.140513 35.426459
139.404720 35.436988
140.133109 35.542894
139.692830 35.751899
139.601071 35.551494
139.610815 35.801553
139.923536 35.994974
139.760460 35.803337
139.502974 35.587827
140.066593 35.577204
139.452481 35.659943
139.909499 35.825836
139.764046 35.757008
139.359828 35.468078
139.985087 35.369780
139.780273 35.946888
140.152536 35.930267
139.382584 35.658844
139.953596 35.705928
139.780008 35.524546
139.899662 35.857772
139.994264 35.451605
140.089638 35.554343
139.439446 35.821021
139.581234 35.901641
139.866870 35.662526
140.015963 35.542697
139.947736 35.633955
139.638769 35.694036
140.022814 35.937077
139.968624 35.772399
140.041323 35.564378
139.531453 35.844963
139.846760 35.574978
139.584975 35.659264
139.709020 35.469814
139.549574 35.854419
139.856379 35.954258
140.115667 35.955225
139.576917 35.476912
139.745630 35.862362
140.177352 35.728751
140.165962 35.774599
139.902412 35.759612
139.966044 35.780267
139.779653 35.374879
140.042644 35.989935
139.991076 35.651604
139.896136 35.746987
139.691687 36.000314
139.531073 35.396733
139.460227 35.382279
139.566343 35.996136
139.357828 35.719235
140.137323 35.741468
140.042790 35.899683
139.592352 35.397853
139.694496 35.981055
139.561696 35.726974
139.712471 35.409934
140.178489 35.460568
139.562889 35.504061
139.990228 35.586712
139.400331 35.682251
139.844974 35.903592
139.893305 35.684248
139.362554 35.868923
139.397665 35.831958
140.117462 35.401241
139.889873 35.563217
139.790424 35.511263
139.551605 35.585489
139.553133 35.646625
139.377478 35.377657
140.103447 35.528663
139.504020 35.568523
139.685983 35.495906
140.140810 35.978213
140.163893 35.857026
140.179191 35.442315
139.370358 35.823294
139.637114 35.406175
139.569846 35.632023
139.654098 35.822681
140.171778 35.696415
140.015873 35.479609
139.519056 35.385322
139.874011 35.897657
139.671698 35.519964
139.795511 35.711008
139.997635 35.667852
139.672155 35.489894
139.990425 35.444991
139.362249 35.678400
139.923286 35.847927
140.123987 35.399570
139.576368 35.604846
139.839574 35.609559
140.060217 35.853125
139.971943 35.402115
139.509214 35.381271
139.821323 35.638110
139.890601 35.556839
139.588213 35.737878
140.016945 35.664180
139.801215 35.458101
140.006427 35.936896
140.006754 35.977236
139.818786 35.675272
139.666826 35.975671
139.794041 35.658815
140.135512 35.981904
140.148339 35.418560
139.446569 35.968076
140.154340 35.516356
139.697122 35.936873
140.069522 35.936210
139.881171 35.992941
140.136502 35.461843
139.489838 35.525588
140.066770 35.904777
139.444805 35.809133
140.163174 35.504623
139.719160 35.439871
139.563663 35.636463
139.440918 35.426543
139.869443 35.631273
139.885028 35.672235
139.934698 35.802970
140.161300 35.930760
139.897429 35.895269
139.999878 35.985663
139.689042 35.453551
139.657984 35.907130
139.648650 35.744724
139.929134 35.699250
139.674710 35.856035
139.629551 35.551761
139.868689 35.500092
139.366944 35.456393
139.418494 35.813310
139.834088 35.464831
139.611889 35.536757
139.353294 35.969349
139.557068 35.987326
139.836894 35.781005
139.861601 35.755295
139.950204 35.471175
139.380265 35.455510
139.524470 35.473573
140.087848 35.783927
139.598267 35.446108
139.350684 35.778080
139.420859 35.367083
139.793599 35.506683
139.748844 35.490718
139.468483 35.992626
139.551805 35.621820
139.632991 35.383586
139.532094 35.862192
140.185858 35.861487
139.459192 35.770720
140.026211 35.822071
140.171564 35.985102
139.777163 35.767470
139.380491 35.516389
139.755083 35.572369
139.948885 35.744469
139.966666 35.518566
139.724397 35.455943
139.405030 35.958032
140.056213 35.464041
139.854767 35.832368
139.659474 35.417352
140.156247 35.413273
139.977848 35.644570
139.750352 35.658805
139.691464 35.778822
139.457768 35.753491
140.058861 35.958992
139.734677 35.706782
139.462969 35.782395
139.769516 35.494922
140.134458 35.419455
140.103569 35.599584
139.775064 35.945081
139.515515 35.625026
139.889031 35.475890
139.961260 35.542538
139.732304 35.732222
140.086065 35.625086
139.647843 35.876311
139.487756 35.407771
140.178243 35.660983
140.106788 35.810022
139.691276 35.747893
139.392787 35.559071
139.645653 35.390259
140.079244 35.952832
139.732600 35.511390
139.764408 35.756570
139.884049 35.372993
139.440189 35.875045
139.811918 35.555555
139.341730 35.368424
139.865918 35.439018
139.631097 35.367295
139.893657 35.857589
140.140574 35.846738
140.085881 35.725361
139.412608 35.471637
139.694134 35.598391
139.888442 35.515845
139.473678 35.557369
139.584050 35.938589
139.470435 35.832850
140.049702 35.483771
139.376582 35.615024
139.589212 35.420376
140.100369 35.453132
139.955350 35.896959
139.932011 35.864794
139.867741 35.552270
139.369884 36.003175
139.528789 35.888409
139.926404 35.731727
139.603116 35.371245
139.954884 35.968740
139.383954 35.964490
140.126229 35.870549
139.502788 35.577451
139.462940 35.896131
139.662322 35.768921
139.937534 35.890007
140.072996 35.585114
139.757047 35.837311
139.475146 35.384670
140.088418 35.864663
139.905955 35.995039
140.103721 35.619604
139.757409 35.424011
139.741719 35.457727
139.990468 35.905683
139.797988 35.745782
139.853541 35.747143
139.696581 35.512798
139.629487 35.923499
140.035027 35.411267
139.602057 35.911974
140.091079 35.603973
139.713135 35.393764
139.639300 35.574634
139.694656 35.725575
139.783716 35.431731
139.405703 35.462080
139.399473 35.668284
139.536149 35.760999
139.411934 35.816979
139.460177 35.540061
139.834155 35.874881
139.601923 35.605017
140.158352 35.610813
140.155004 35.554797
139.618391 35.397188
139.433442 35.459515
139.596617 35.558318
139.794694 35.952399
140.030094 35.870761
140.171575 35.908285
139.629914 35.763832
139.434933 35.931971
139.480232 35.629894
139.591850 35.912415
139.622401 35.863747
139.763176 35.688675
140.136465 35.606905
140.089618 35.968946
139.878442 35.950510
140.096543 35.698812
139.510415 35.924084
139.416558 35.793183
139.561195 35.930622
139.751238 35.368776
139.950642 35.527670
139.497141 35.711826
139.540239 35.850246
139.481094 35.527082
139.786632 35.375680
139.850021 35.753673
139.483113 35.845158
139.459809 35.869295
139.943489 35.771009
139.430123 35.594517
139.431471 35.744392
139.672412 35.873891
139.732031 35.509959
139.487841 35.942821
139.656006 35.484837
140.144362 35.459313
140.068895 35.795854
140.023396 35.820172
139.338966 35.815384
139.400589 35.941740
139.900837 35.797811
140.093093 35.459643
139.684463 35.772351
139.756450 35.766433
139.753333 35.927951
139.426368 35.418143
139.500906 35.400962
140.029611 35.933234
140.122905 35.746876
140.182526 35.723423
140.014345 35.893653
140.028350 35.588708
140.072670 35.821122
139.486804 35.766819
139.682664 35.797045
139.938753 35.583515
139.487484 35.984907
140.014099 35.394900
140.174346 35.705199
139.474372 35.838350
139.987297 35.458269
139.543289 35.597779
139.777346 35.611249
139.900274 35.738611
139.453953 35.802295
139.969789 35.635332
139.915746 35.637407
139.943680 35.492387
139.906334 35.492648
140.120344 35.413843
140.069612 35.844686
139.355101 35.836473
139.712214 35.424612
140.167928 35.939204
139.911374 35.376938
140.186110 35.580200
139.387240 35.917564
139.654791 35.745431
139.961442 35.435914
139.939919 35.587639
139.562054 35.639513
139.697566 35.415840
139.453407 35.982092
139.916785 36.003111
139.625042 35.585330
139.919151 35.710201
139.938861 35.702432
139.790619 35.980456
140.111795 35.764865
139.527377 35.732879
139.692756 35.793537
140.016955 35.641738
139.886291 35.442862
139.484324 35.876427
139.505702 35.681751
139.651737 35.670967
139.763521 35.647047
139.968022 35.859729
139.719849 35.666662
140.065227 36.003646
139.507571 35.890085
139.570567 35.758764
139.880435 35.923144
139.884391 35.801538
139.728685 35.874855
139.414183 35.463676
139.651003 35.705925
139.538948 35.984072
139.747619 35.519266
139.513904 35.972899
139.627737 35.921107
139.901974 35.819848
139.591126 35.530861
139.775649 35.614083
139.524693 35.966722
139.600464 35.651409
139.342924 35.540719
139.507494 35.500562
140.088073 35.792096
139.616936 35.828029
139.503232 35.458855
139.719294 35.494150
139.513070 35.889350
139.818367 35.724515
139.721813 35.368743
139.900141 35.914555
140.004161 35.666341
139.414231 35.832110
139.403985 35.447910
139.420128 35.991973
139.908198 35.447434
139.446967 35.410873
139.399466 35.499473
139.742082 35.748484
139.476110 35.989996
140.163451 35.377372
139.386148 35.546135
139.682656 35.958653
140.158051 35.558256
139.961145 35.525960
139.381559 35.380484
139.945814 35.913570
139.864356 35.850427
139.874503 35.468543
139.945156 35.933116
139.892649 35.416204
139.368280 35.798095
139.695905 35.449752
139.634893 35.906633
140.161463 35.467481
140.105916 35.683640
139.843049 35.434601
139.839044 35.460688
139.396561 35.379769
139.551437 35.599823
140.004249 35.929755
139.537732 35.526791
139.338978 35.513713
139.492752 35.832846
139.503668 35.404450
140.069868 35.679934
139.364778 35.611817
140.107118 35.519582
139.928053 35.961006
139.924504 35.807891
139.986854 35.528441
139.375303 35.939501
139.495033 35.379179
140.083449 35.463834
139.897917 35.754840
139.357067 35.716755
139.958957 35.598549
139.685951 35.413800
140.177310 35.687738
139.587348 35.949575
139.615038 35.620512
139.680561 35.691490
139.861199 35.777120
139.669061 35.625027
140.113996 35.682559
139.944836 35.684508
140.182374 35.717610
139.444508 35.431884
139.392262 35.456387
140.161471 35.428529
140.016564 35.385562
139.702292 35.605444
139.365517 35.447468
139.758633 35.646424
140.101887 35.893680
139.605038 35.676496
139.700067 35.619606
139.897131 35.575465
139.895764 35.681408
139.441143 35.572537
139.345750 35.740792
139.724178 35.952014
139.782903 35.863192
139.546282 35.585619
139.370716 35.886307
140.074397 35.588339
139.634207 35.661686
139.980009 35.684884
139.353721 35.685875
140.181595 35.873487
139.501627 35.672192
139.884196 35.966356
139.475114 36.001095
139.837670 35.924265
139.934042 35.519367
139.956630 35.946563
140.050296 35.696260
139.337850 35.935650
140.082561 35.710698
139.756587 35.499249
139.801435 35.826156
140.039591 35.994414
139.879815 35.652568
139.745251 35.476060
139.353260 35.861983
139.717387 35.605081
139.964502 35.556748
139.841973 35.914219
139.602266 35.869804
139.395377 35.922898
139.738035 35.558092
140.008536 35.705494
139.603090 35.974444
140.028428 35.703271
139.639591 35.387903
139.883566 35.914442
140.077874 35.660605
139.831985 35.853979
140.118059 35.369349
140.139093 35.843438
140.006952 35.444707
140.171451 35.758690
139.614979 35.532238
139.492229 35.540901
139.453864 35.943161
139.368743 35.776396
140.024723 35.469736
139.527320 35.683091
140.128210 35.664201
139.537962 35.707663
140.184295 35.479646
139.950828 35.958004
139.884017 36.001532
139.415062 35.841900
139.605286 35.890902
139.874493 35.870666
139.521160 35.774083
139.852385 35.829550
139.788499 35.578634
140.049482 35.368365
139.802141 35.955844
139.383274 35.527555
139.567185 35.841023
140.045546 35.852451
139.914156 35.560329
140.182818 35.452921
139.650893 35.690268
139.505683 35.895188
139.499188 35.968486
139.980694 35.690806
140.096987 35.629697
139.374562 35.886966
139.626676 35.886621
139.975768 35.959105
139.406679 35.590152
139.723837 35.999111
139.946842 35.731467
139.359694 35.740715
139.351948 35.642293
140.064264 35.590247
139.422069 35.716526
139.640581 35.891920
139.936622 35.995657
139.599645 35.716662
140.029230 35.893128
140.108205 35.818434
140.065650 35.845620
139.418964 35.986169
139.682463 35.794873
139.760991 35.579294
140.075849 35.957294
140.151368 35.815843
139.583288 35.679677
139.626884 35.767253
139.789601 35.427147
139.494243 35.729066
139.697149 35.586718
139.981425 35.954025
139.551635 35.495758
139.712911 35.534313
139.905058 35.667142
140.153591 35.919402
139.443356 35.417152
139.827459 35.828708
139.443506 35.925795
140.133226 35.408246
139.590388 35.790418
139.462730 35.849360
139.966524 35.708722
139.732932 35.935919
139.412088 35.951070
139.708580 35.622117
139.778301 35.664681
139.750852 35.887686
140.168204 35.903383
139.475697 35.380758
140.027481 35.973875
139.890932 35.549592
139.570785 35.660533
139.986538 35.486895
139.619414 35.777721
139.761362 35.694865
139.429064 35.466758
139.404670 35.485272
140.131390 35.636989
139.610889 35.405924
139.727974 35.758236
139.426868 35.650455
139.815980 35.379394
140.079418 35.716619
139.635594 35.396481
140.042449 35.430734
139.854741 35.522763
140.065540 35.385090
139.955308 35.399317
140.119949 35.988662
139.531725 35.453179
139.514219 35.942013
139.495130 35.641551
139.635576 35.873916
139.370132 35.769689
139.945745 35.586369
139.906712 35.599187
139.576785 35.385074
139.920895 35.887453
139.362228 35.534667
139.803101 35.413525
139.776908 35.712468
140.142412 35.914627
139.807232 35.728639
139.648934 35.419296
139.759690 35.379470
139.645906 35.393824
140.106253 35.449089
139.432239 35.676242
139.472995 35.403661
140.080518 35.891539
139.686506 35.486974
139.443260 35.437525
139.623753 35.973374
139.581072 35.559633
139.865594 35.627482
139.558408 35.723350
139.967549 35.855419
140.183493 35.461682
139.761311 35.635211
139.647505 35.415423
139.860561 35.609539
139.805650 35.966044
139.890355 35.663843
139.924825 35.602272
139.400653 35.610967
139.406038 35.819522
139.406740 35.687740
139.593370 35.537625
139.970837 35.988181
139.756720 35.983452
139.843090 35.538917
139.919640 35.584658
139.929432 35.387801
140.016255 35.681246
140.074493 35.398482
139.967905 35.731030
140.036014 35.778275
139.830332 35.609505
139.338672 35.443685
139.668813 35.780807
140.171675 35.536506
139.400400 36.001807
139.742810 35.820699
139.596993 35.638237
139.358757 35.711603
139.493980 35.979805
139.485684 35.510082
139.801080 35.425216
139.682800 35.552173
140.055998 35.935918
139.672011 35.755566
139.914639 35.523817
139.760303 35.431524
140.153628 35.512190
139.419333 35.531307
139.525038 35.853231
139.586791 35.525141
139.636115 35.707298
139.424145 35.565922
140.124148 35.625981
139.595559 35.505461
139.431873 35.943239
139.879027 35.869534
140.101944 35.868815
139.768050 35.883547
140.019445 35.438004
139.567234 35.657301
139.516886 35.648034
139.552183 35.639695
139.693664 35.826854
139.843796 35.892749
140.116524 35.691528
139.632003 35.459264
140.171341 35.391138
139.683975 35.721550
139.447621 35.907974
139.957292 35.478631
139.455929 35.749875
139.560221 35.616299
139.930712 35.924914
139.557727 35.440665
139.574871 35.593035
140.122997 35.498122
140.087971 35.464353
139.427276 35.850968
139.431077 35.413155
139.854033 35.367295
139.358289 35.808387
139.886775 35.373057
139.867877 35.577329
139.528853 35.575619
139.508314 35.520146
140.070208 35.548426
139.913941 35.429301
139.961872 35.669544
139.666735 35.784824
139.424395 35.794169
139.609923 35.669678
140.088817 35.470361
139.893966 35.887961
140.050853 35.641850
140.026125 35.739969
139.519164 35.571983
139.926916 35.916561
139.862882 35.550025
140.123841 35.777221
139.895772 35.403318
139.444409 35.572691
139.637630 35.631552
140.146791 35.790849
139.339760 35.393580
139.741205 35.913295
139.436501 35.421240
139.900482 35.810074
139.533395 35.719538
139.561372 35.784182
140.070454 35.605852
139.873713 35.467925
139.732731 35.501322
139.792871 35.473130
140.129736 35.931116
139.456745 35.557216
139.700239 35.877992
140.126090 35.496576
139.849695 35.561428
140.153448 35.586039
139.606250 35.706109
140.090660 35.776353
139.699846 35.385785
139.552028 35.792800
140.054595 35.754364
139.577391 35.940902
139.551827 35.399478
139.936153 35.574821
139.703927 35.575502
139.630493 35.548131
139.492764 35.888339
139.529654 35.690544
139.379166 35.588693
140.138527 35.500354
139.756682 35.666069
139.389402 35.904753
139.573756 35.693143
139.772392 35.609237
139.732798 35.690494
139.603584 35.609224
139.390859 35.485045
140.058175 35.759851
139.814963 35.536136
140.124823 35.876754
139.522457 35.493551
139.647862 35.589632
139.916602 35.919119
139.884630 35.921505
139.447231 35.952697
139.368774 35.569517
139.934441 35.969809
139.595082 35.742463
140.024163 35.734249
139.633330 35.454843
139.569304 35.855264
139.926062 35.952904
139.948476 35.676842
139.818266 35.381171
140.095165 35.681745
139.931431 35.589866
139.881255 35.960861
139.711301 35.375401
139.511502 35.913598
140.124584 35.648728
139.794523 35.671442
140.076479 35.774063
139.580397 35.534856
139.941880 35.742738
140.183849 35.672752
139.487333 35.842411
139.817755 35.796118
139.534264 35.805054
139.853786 35.422507
140.102440 35.570271
140.104482 35.576482
140.067169 35.780808
140.058902 35.838014
139.510615 35.631783
139.788854 35.743608
140.001902 35.645984
139.341230 35.764734
139.877321 35.896500
140.114285 35.992666
139.662877 35.745654
139.773724 35.686584
139.521453 35.619572
139.816958 35.485402
139.652029 35.411904
139.647897 35.528779
139.584592 35.841202
139.637277 35.633859
140.118186 35.895066
139.643363 35.798689
139.469047 35.530967
140.183824 35.395180
139.905578 35.378306
139.349741 35.702470
140.110122 35.520117
139.966776 35.698713
139.975240 35.835617
139.696102 35.900153
139.637491 35.937247
140.137162 35.745749
139.546489 35.855765
139.861702 35.839111
139.743512 35.808168
139.744986 35.584402
139.780371 35.723734
139.589067 35.907661
139.436195 35.600633
139.492123 35.885338
139.965874 35.784481
140.159174 35.681729
139.642009 35.926056
139.452506 35.545821
139.972535 35.518159
140.024516 35.872699
139.888743 35.961719
139.815314 35.583728
140.129443 35.472846
139.423476 35.450875
139.798272 35.515186
139.846242 35.804497
139.578827 35.813589
139.717914 35.858409
139.645468 35.824625
139.340142 35.965977
139.930488 35.796313
140.005618 35.910330
140.048475 36.004160
139.843944 35.716916
140.050251 35.938035
139.523813 35.464409
139.556047 35.432120
140.186186 35.554967
139.422245 36.003049
139.728925 35.442299
139.763333 35.668965
140.083651 35.392382
139.526176 35.682654
139.658813 35.618635
139.354094 35.645700
140.170802 35.786379
139.407248 35.473035
139.720274 35.773336
139.821481 35.775234
139.932364 35.920331
140.142106 35.748585
140.019373 35.602559
139.745563 35.397628
139.984644 35.579226
139.543827 35.998010
139.860947 35.818080
140.146272 35.818632
139.973755 35.900438
139.374202 35.637640
139.514759 35.997812
139.418744 35.871136
140.134306 35.835083
139.680262 35.846322
139.584900 35.641428
139.863536 35.478182
139.873898 35.941910
139.367048 35.898903
139.493919 35.438992
139.989731 36.003460
139.359159 35.584943
139.592711 35.657680
140.080123 35.772584
140.040816 35.496948
140.124702 35.681322
140.017102 35.961827
139.378366 35.696531
140.139446 35.460102
139.577117 35.651476
139.809520 35.755389
139.802254 35.671653
139.590559 35.713109
139.964383 35.971162
140.182115 35.683365
139.920311 35.837754
140.138754 35.939661
140.071986 35.985318
139.726622 35.593744
139.510109 35.563223
140.036155 35.870158
139.443951 35.918061
139.482543 35.835826
139.718492 35.919652
139.849750 35.708727
139.747072 35.410917
139.832672 35.504284
139.530735 35.544310
139.397896 35.582840
139.689212 35.595720
139.701327 35.567011
139.582860 35.688000
139.988159 35.561767
139.574516 35.605608
139.723457 35.889865
140.153214 35.912655
139.656330 36.004583
140.088555 35.776040
139.377196 35.651490
139.423919 35.468518
139.743111 35.437581
139.500349 35.947341
140.015760 35.686705
139.337894 35.510600
139.820243 35.855325
140.062149 35.798291
140.170107 35.596595
139.788044 35.485898
139.422377 35.764711
139.433784 35.481093
139.665886 35.880973
139.645609 35.822431
139.716228 35.408278
140.118350 35.674820
139.824069 35.665818
139.801952 35.866888
140.174539 35.995761
140.166875 35.645267
139.936636 35.493453
140.180508 35.405990
139.626930 35.773421
140.005552 35.457922
139.341723 35.459376
139.762624 35.727759
139.621586 35.566474
140.094739 35.882468
139.819272 35.846207
139.363055 35.963870
139.889564 35.861377
140.027136 35.993170
139.553375 35.708866
140.113784 35.599620
140.088494 35.878957
139.656910 35.518964
140.118356 35.435700
139.375404 35.641316
140.160635 35.373413
139.687452 35.834275
140.076550 35.411092
139.631403 35.800445
139.888046 35.953815
139.838916 35.373660
140.052120 35.864411
140.179830 35.558250
139.899569 35.644791
140.031632 35.978306
139.433008 35.799806
139.384296 35.851803
139.657475 35.609993
140.152610 35.722134
139.894892 35.601416
139.947778 35.453014
139.434568 35.996425
139.665682 35.529385
140.167817 35.820411
140.091865 35.499024
139.677404 35.525823
139.938726 35.894595
139.496301 35.804401
139.913505 35.732780
139.694582 35.760570
139.995058 35.617707
140.149190 35.605580
140.152857 35.573237
139.554899 35.798336
139.424613 35.835726
139.371078 35.882381
140.170640 35.895719
139.662650 35.626514
139.349658 35.444108
140.167898 35.597643
139.977405 35.856281
139.985791 35.804898
139.451882 35.479572
140.012823 35.531420
139.769260 35.516110
139.517752 35.994396
140.065411 35.599482
139.786073 35.526487
139.630209 35.425234
139.830312 35.747423
139.709906 35.804897
139.852240 35.874241
139.942522 35.644808
139.392234 35.383869
139.670821 35.587967
140.131064 35.622478
139.740530 35.810064
139.507311 35.813489
139.571908 35.954560
139.938944 35.437021
139.980495 35.374624
139.737064 35.462358
139.387334 35.726438
