46.655706 41.073549
46.640577 39.706461
46.600749 39.494058
45.589301 39.133158
45.642571 40.616836
44.580196 40.807864
45.681183 40.088372
44.807910 39.752854
46.344791 39.321028
45.332662 40.885439
43.479842 39.109221
46.783613 39.850019
46.322986 40.330024
45.207581 41.069589
45.936487 41.179383
45.073587 39.366747
45.616164 40.037111
45.087658 40.359014
44.872140 39.283472
46.381573 40.257001
45.204730 39.052967
44.567789 40.671128
43.744801 38.930011
45.362782 39.713342
46.276583 40.339418
44.080634 40.187625
44.835598 40.224082
44.470249 40.762332
44.134688 41.050939
46.175423 40.366154
43.861286 40.312006
43.513908 39.826471
43.600962 39.062215
45.827866 40.047226
46.256072 40.698161
45.101618 40.657726
46.552425 39.828498
45.247542 38.992435
44.090014 39.581335
46.213515 39.676233
43.744353 40.776737
45.010297 40.778779
43.604124 38.961611
45.605950 39.481282
46.350469 39.732337
46.679261 39.604201
44.563983 40.307330
44.023653 41.079032
43.531718 39.880629
45.479326 39.840248
46.244155 39.264589
45.533621 41.062110
45.207105 41.061628
44.827197 40.955337
45.320880 41.137666
43.697770 40.848915
43.955616 39.771793
45.234347 39.241092
45.956196 40.307194
45.140105 40.458849
45.380294 39.852405
45.548992 39.436311
45.712159 39.125458
44.073231 38.899813
46.209332 39.398720
46.607886 41.047251
44.582455 40.553378
45.418849 40.171833
45.661615 39.506567
44.779962 39.275918
45.793977 39.573626
45.251739 38.954102
44.927240 39.222566
45.887854 40.720003
45.245424 39.770794
45.825776 40.637265
45.003431 40.217002
45.769004 40.508478
44.232317 39.253057
46.026138 41.128033
43.497493 40.683557
46.414743 39.528746
45.332049 39.308777
45.177186 39.563692
43.811688 40.672781
46.806230 40.929889
45.663193 39.908979
43.671398 41.097878
46.688212 40.219671
45.199674 40.954185
46.012650 40.371867
43.529067 40.478801
44.063374 40.435431
46.239558 39.698783
44.205708 39.965921
43.503291 39.105314
46.645770 39.912590
45.347896 41.127178
43.799348 40.107062
43.910517 39.639816
44.791771 39.211334
46.509912 41.152016
44.964540 39.847729
43.728801 39.281245
44.573196 39.518184
45.068432 40.782935
43.882503 40.776548
45.759426 39.300429
44.896262 39.193961
45.146343 39.054613
44.374695 39.423197
46.471962 40.964147
45.089248 41.083850
45.466164 39.830146
43.794433 40.202013
46.378523 40.220764
46.075992 40.345328
45.400942 41.015225
44.544563 40.907316
46.086977 38.993113
43.987329 39.113901
44.588273 40.763028
44.027561 40.633717
45.935060 40.785787
45.244440 40.666325
43.618278 39.569966
45.169610 40.076887
46.266627 41.139351
45.071456 39.020110
46.146560 39.694489
44.115847 40.577728
45.641510 39.180280
46.762083 39.314432
44.387233 40.794369
45.253727 39.025691
45.815848 39.108748
46.733582 39.882462
44.909529 40.103790
43.723915 40.121478
46.313139 41.129362
44.540840 40.613962
43.451178 40.215439
44.111319 40.657904
44.776152 40.623770
46.468547 38.936445
44.954486 41.071322
44.516972 39.875416
45.703939 40.748494
46.594613 39.840684
44.713313 40.372769
44.483747 40.536146
46.703330 40.078822
43.765391 40.988142
43.689091 39.606115
46.642368 38.902241
45.382799 40.688780
43.574054 41.164829
44.590684 40.558752
45.871399 39.236453
43.905365 40.580486
45.731396 40.148022
45.401037 40.892240
44.746599 41.014457
45.767847 40.621619
45.385531 39.556274
44.744632 39.564717
46.048103 40.029575
45.758932 39.096107
46.634203 41.047501
43.878916 40.976025
46.801331 40.528212
45.452437 40.029174
46.374987 39.451838
45.312819 39.726391
46.094900 40.947910
45.248768 40.430231
45.925138 40.048031
45.693987 41.118229
43.435912 40.058847
44.637845 41.069292
46.285297 39.294691
44.209597 39.988579
46.543619 40.067538
44.570327 39.809977
46.759679 39.418290
44.019662 39.580255
46.430738 40.010941
46.097008 39.947083
45.796517 39.867399
45.570833 41.089227
43.977398 39.136225
46.330035 41.029344
45.364481 39.999292
43.808200 41.180095
45.432529 38.959145
43.430554 40.233757
46.232229 39.980628
45.524787 39.294176
46.470158 39.251977
45.971378 39.630780
44.928407 40.519012
44.885285 40.151122
44.926620 39.365688
43.854851 39.827876
45.430369 39.684950
44.172222 41.180591
46.572342 39.157441
46.135275 40.618141
45.360404 38.955567
45.434267 39.187747
46.143772 39.550139
43.619574 39.692370
46.476084 39.739771
46.575951 39.988833
44.069718 41.009127
44.832758 39.519835
46.233142 41.175081
45.377136 40.817778
45.133124 40.519441
44.877717 40.108042
45.671290 39.505415
46.089164 39.051887
45.896610 40.405946
44.825968 39.025386
46.492464 40.819594
46.361986 39.242986
44.579432 39.726077
46.757617 40.075926
44.542267 40.292166
45.370556 39.609399
45.069780 40.364369
45.398144 40.392074
45.063758 39.090609
45.303784 40.454301
43.520249 40.563446
45.718410 38.900063
45.117353 39.105907
46.652258 40.074799
45.837055 39.991852
46.240571 40.408263
46.198893 38.924622
43.637597 41.070756
45.547148 40.872681
43.457344 39.517260
46.148794 39.996763
44.746862 40.458910
43.783665 39.364747
44.307046 39.885925
46.142714 40.030504
44.561516 41.043090
45.128178 39.576282
44.282866 40.235230
45.540769 39.018367
46.159477 40.313039
44.848489 40.209682
45.056016 39.943947
44.458188 40.891606
43.639883 41.162968
44.938792 40.205938
43.877750 40.965031
46.199471 40.591700
44.765789 40.642026
46.196639 39.608867
44.212431 39.891588
45.539724 40.522784
46.125712 40.866925
46.702940 38.954909
46.794433 40.546531
45.450601 40.286373
43.655660 39.638118
43.836841 40.900293
43.965437 41.106099
46.673841 40.989308
45.763779 39.467474
46.792754 39.305500
43.964653 39.257042
43.678179 40.361432
45.194270 40.412883
45.109216 40.220407
45.618543 39.628565
45.406027 40.262541
45.988836 40.914039
44.494028 39.442391
43.679197 39.722438
43.945647 40.861438
43.436012 39.518030
43.640698 40.326528
43.801185 40.869277
45.010688 39.992945
44.107925 40.960399
46.039015 39.087136
45.379379 40.876247
44.723241 41.086129
44.015288 38.971140
46.280577 40.411007
43.534486 39.919666
43.539804 40.605840
45.582168 38.902732
44.608357 39.486507
45.957826 40.104591
44.779185 40.088809
46.414011 39.304940
44.533443 39.850089
43.984110 38.982422
44.159444 39.533015
46.371759 39.114722
46.530601 40.867653
46.607483 40.463370
43.982372 39.903817
45.321195 39.768002
43.698345 39.411958
44.632849 40.662620
44.697088 39.708475
45.758873 40.844729
45.204630 40.877622
45.652544 41.141914
46.235996 40.715308
44.202038 41.090000
44.397456 39.546504
44.970516 39.329679
44.615564 40.038941
45.703359 40.676477
45.039292 39.287276
46.490109 41.050950
44.624421 39.291306
46.657462 40.825483
44.711969 39.424485
45.184128 39.040752
45.197595 40.712445
44.036409 39.151748
44.110638 40.104529
44.697481 40.024921
46.774166 40.387782
46.446653 40.860418
45.302778 40.405013
45.452500 40.322432
43.690415 39.406569
45.137502 40.508033
46.375841 39.516751
43.468677 39.077162
46.413846 40.037706
45.974501 39.406122
44.795848 40.339319
44.252036 40.345989
45.555346 39.355061
46.665095 41.123875
45.759632 40.273802
46.237295 39.464870
45.711936 40.857671
45.493205 39.414601
43.509386 39.757275
45.263838 39.920741
44.776956 40.962161
45.734766 40.146992
46.650069 40.538558
46.483484 39.734839
45.751456 39.750754
45.589774 40.351180
45.417101 39.734351
44.707333 41.180546
46.582580 39.319529
44.825296 39.268747
44.046018 39.626230
46.539342 39.926865
44.343020 40.779498
43.818040 41.078375
45.890366 41.142254
46.787423 40.670786
46.818662 40.893412
45.158511 39.239485
44.188753 40.604548
45.403760 40.316815
45.982449 40.559980
46.066357 40.203653
44.866155 40.903266
45.832804 39.781660
45.788922 40.716346
44.680439 39.028644
45.411879 39.432201
46.122294 39.424167
43.778123 40.136828
43.548149 39.897983
44.474978 41.050801
45.675816 39.427770
44.802940 40.635604
44.928247 39.787580
46.766087 40.316334
44.358523 40.277758
46.043834 40.059624
46.206921 39.071777
46.408945 40.167723
45.363722 39.339312
43.661842 41.151639
46.052339 40.667863
44.864777 39.902049
46.506656 40.250047
46.676635 40.299434
45.426354 39.945249
46.573559 39.815236
43.578920 39.329383
44.179626 40.646688
44.386351 39.977559
44.510157 39.711562
44.076617 39.288604
44.287101 39.997660
44.220071 40.372925
46.090056 39.453478
45.668944 40.511675
44.332451 41.085750
44.920954 40.755804
46.350798 40.996449
44.877709 39.411480
45.815635 40.948381
45.799354 38.920492
44.084814 39.382269
46.477598 39.541154
45.385925 40.395392
46.352131 40.220690
46.729098 40.899774
45.023442 40.486539
45.267446 40.618506
43.503967 40.728422
45.412650 40.799679
44.022383 40.282511
44.605377 40.768655
46.426579 40.959440
45.590622 40.211989
43.805320 39.176505
45.841925 39.489689
44.950031 40.518101
43.802791 40.995492
44.708320 39.139920
45.008555 39.722259
46.047166 40.480548
46.174869 40.391728
46.518658 40.883464
46.133666 40.561997
43.930004 40.215753
46.286587 39.619398
46.099609 39.323076
44.558850 41.106556
44.765232 39.013570
43.653471 40.372290
46.129030 41.035035
44.153090 40.043272
43.602150 40.247989
44.599820 40.805735
45.223871 40.502474
44.808664 40.871419
45.769869 38.995615
44.814565 39.132719
43.789505 40.562411
44.789686 40.837307
43.886428 40.347130
44.762758 39.718017
44.279132 39.076662
44.754837 41.112425
44.643796 39.382919
45.706166 41.170237
46.060808 40.984625
46.278451 39.012097
45.232916 39.039993
44.133798 39.220991
46.556990 39.905633
45.351421 39.671394
45.487743 39.711307
45.713874 40.869984
44.494636 40.891719
44.802891 40.995386
46.419230 40.201925
43.695395 40.531150
44.883068 40.414553
45.322534 39.350176
46.782593 39.819096
46.723701 39.642232
45.227633 41.149055
45.542399 40.508464
43.893713 39.327105
45.676183 38.979627
43.620547 39.136373
43.594885 39.132283
46.713158 40.470873
44.287539 39.283041
46.316433 40.362909
46.341995 40.277336
46.652669 40.729303
44.941300 39.470364
45.443660 40.881249
45.994236 38.978163
45.114990 40.957653
43.881299 40.182424
45.962986 40.584005
44.288815 40.110972
45.070075 40.516448
45.393815 40.087181
45.163494 39.286481
44.118740 39.471204
43.476621 39.661417
45.869962 39.912871
45.756150 39.446669
44.673814 39.038909
44.516850 39.529467
45.164344 40.973194
44.463273 40.562629
45.012077 39.904086
44.088361 39.526639
46.803757 40.375286
43.693486 39.091716
43.845370 39.352640
44.527411 41.069238
45.347393 40.730594
46.640601 40.845598
43.487540 40.963105
46.557773 39.485853
44.514225 39.772089
45.579022 39.108147
43.519619 40.894471
44.120214 39.433208
45.566206 39.669696
45.997586 39.134833
45.374137 40.819643
44.613004 39.225136
43.872561 39.136278
46.454857 38.952402
46.369361 40.572241
46.415313 39.244736
46.167569 40.336957
45.051122 39.678739
43.520398 40.996061
45.373478 40.987100
46.049706 40.988023
46.289005 41.114317
43.492096 40.638825
43.592859 40.180357
45.297951 40.832680
43.926340 39.716491
45.694745 40.686852
43.992273 40.748138
45.219941 39.154979
45.813362 40.082666
46.667447 39.818921
43.466433 39.224235
44.586646 40.112874
44.814738 39.458890
46.245884 39.283798
46.721669 40.897968
46.141697 40.980890
44.531702 39.676361
44.330793 39.853820
45.367047 39.014239
46.224179 39.526523
45.553814 39.232218
45.036956 41.170583
43.706785 41.065726
45.567748 39.596070
45.583983 40.477714
43.953211 40.655831
45.564883 40.958837
43.941530 40.178238
44.712105 39.887029
45.730340 38.916993
43.517656 39.127858
44.083330 39.496660
45.751621 39.056660
43.445516 40.318820
44.603076 40.451006
45.514235 38.979613
45.186256 39.967577
44.062709 40.028367
44.247906 41.083142
45.706676 39.771195
45.245128 39.334471
44.893202 39.622529
44.213128 41.086165
44.566701 39.985205
44.838163 40.296764
46.122993 39.169097
45.189075 40.272024
43.883593 40.263252
46.435580 40.855719
43.568964 38.963202
46.073359 40.360354
44.047998 41.118593
43.508203 41.154487
45.768072 40.578268
44.469512 38.910452
45.072491 39.533011
45.532260 41.130396
44.073369 39.424038
44.579975 39.004835
44.767650 40.005789
44.486456 39.132992
45.186620 39.118390
45.108659 39.459619
44.158094 39.817220
43.756250 41.161064
46.436518 40.912405
43.440864 40.853957
44.964859 40.981582
45.088499 40.876099
44.025358 39.944760
46.601316 38.934687
44.439119 40.255357
46.313496 40.852743
44.957925 40.658011
45.099023 40.753026
46.339481 39.225052
45.762815 40.860500
46.400971 41.136897
45.340445 39.085871
44.950463 40.673167
46.381719 40.156449
45.959191 39.112905
44.356196 39.845009
44.778495 40.665796
44.260146 39.017742
44.692118 39.640152
45.146655 40.806489
44.159885 39.304524
44.833161 40.200257
45.497165 40.529441
44.987103 39.429021
44.223915 39.108098
43.671798 40.173577
44.287179 40.485405
43.938868 39.335444
46.468673 40.289979
44.811890 39.594634
45.607229 39.085126
46.559998 40.958307
46.344837 39.006067
46.265293 40.424611
46.334454 40.287449
44.825144 40.978495
45.071702 39.818956
44.067087 40.486845
46.723332 39.521386
44.722867 39.573834
45.354299 40.838807
44.202384 40.779905
45.822210 40.416059
46.339727 39.893743
43.988551 39.966144
46.783325 39.618895
45.506833 41.158928
43.979729 40.738030
44.881866 39.602133
45.429292 40.614315
44.445372 40.016755
43.503812 38.990966
46.285788 40.183725
46.413412 39.844491
44.715411 39.147781
44.138462 39.302095
43.907908 39.785083
43.793217 40.036445
46.732911 39.338734
43.636953 40.922201
45.340179 39.951007
43.411855 38.895339
45.627359 39.130423
45.199998 39.213155
43.486210 39.743118
44.709628 39.446210
43.524653 39.147056
46.812728 40.860934
46.434590 40.436790
46.430544 39.268924
45.718699 39.761852
45.786254 39.837940
45.416724 39.030302
45.435956 39.877391
45.520043 39.941817
44.221069 39.924531
43.597059 40.063251
44.608840 39.295417
44.145190 39.743930
43.875730 40.287041
43.996522 39.531221
44.414439 40.279972
45.363047 39.916831
45.504614 41.143341
46.699899 40.827096
46.634354 40.740480
46.197392 41.157566
43.824330 40.597804
46.177447 39.647236
45.805052 39.222595
45.254103 40.156606
44.415149 40.294296
45.386462 40.947043
43.779406 38.918812
44.751663 39.404156
44.558716 40.826564
46.709621 40.748632
44.450686 40.422142
44.058821 39.160606
45.622232 39.308065
43.718230 40.264565
45.449949 40.122629
43.797324 40.290589
43.505663 40.902720
44.633049 40.075251
43.815686 40.673100
45.863073 39.576071
43.771891 39.349903
43.703289 39.008742
44.228181 40.664926
44.453038 40.021391
44.316516 39.896050
44.722131 40.720943
43.515676 39.572425
43.611063 40.742992
45.285367 40.940806
45.449165 38.977063
43.973484 40.481959
45.554170 40.941931
44.974010 39.259175
43.819628 39.991220
46.550154 39.473277
45.614364 40.951033
44.011621 40.671338
44.678786 39.173798
45.700254 39.368044
46.455687 39.629573
46.244110 39.012050
44.609663 39.160818
45.147754 39.774228
43.934742 40.967148
44.270505 39.523531
45.012203 39.629937
43.667748 40.988278
44.298181 40.504550
46.392096 40.490123
45.997199 40.398579
46.499298 39.526582
45.064267 39.824047
44.097646 39.073989
43.852254 40.771020
46.134677 41.128744
44.496952 40.598048
44.379800 40.887830
44.984082 39.002014
44.956402 39.702995
45.411696 39.563223
45.857011 39.628668
44.945538 39.267339
44.244951 40.551661
44.384391 40.224558
44.730665 39.041505
45.513557 39.902483
44.111243 40.612988
44.331896 40.523925
43.956918 39.662550
43.955861 39.354805
46.717807 40.172885
45.815586 40.560745
45.599223 40.639339
44.524701 39.831101
44.521251 40.022641
46.404712 40.379749
43.801200 39.839770
44.877181 41.134528
45.068384 40.941368
46.771627 39.989166
45.748292 41.133692
45.546362 40.857807
43.600225 40.669330
46.567629 39.246106
45.226556 40.351566
43.417961 40.881250
43.937049 40.754378
45.627096 39.977073
46.517287 38.931927
44.432878 41.099346
44.757449 39.217286
43.758126 40.920195
43.761106 40.716461
44.237690 41.015737
44.202490 40.804805
44.741360 38.936979
45.789106 40.932364
46.230895 40.066814
44.156623 40.841761
44.972731 39.309936
44.538498 40.599768
44.561693 40.325982
45.238767 39.466531
44.318942 39.790567
44.288276 41.007943
43.666470 39.977307
45.044007 40.654594
44.157476 39.744529
43.586943 39.508693
44.023627 39.215763
43.964074 40.178912
46.364189 40.456134
45.685543 39.680758
46.117073 39.030153
43.890205 39.014128
43.818680 40.469790
45.943339 40.573417
46.675364 40.138221
44.715152 39.015227
44.014318 39.728714
45.726999 39.070791
45.455920 39.188178
46.765958 38.989348
45.315467 39.934221
44.822335 39.277012
43.658063 39.075486
44.824627 40.412470
44.083204 40.691427
44.718975 38.917620
43.954294 39.626292
45.853128 39.886508
43.555609 39.693693
43.848137 39.380948
43.924603 40.011164
46.440821 40.591281
46.201372 39.384360
45.680471 39.415527
43.930881 39.180108
45.909298 40.785465
45.994906 39.950318
46.203387 40.332593
44.886334 40.633149
45.343169 39.524797
44.886797 40.990558
45.051683 40.043238
46.645925 39.632210
44.931616 39.690645
46.410908 40.294693
45.108047 39.877798
46.378938 40.483891
43.831100 40.655258
46.817202 40.761271
45.406669 40.799872
44.373273 40.041064
43.767781 39.427926
45.617817 40.833333
44.971785 40.119793
44.861983 39.769945
44.806983 39.681389
44.966127 41.140492
43.447901 38.901644
44.287929 39.647743
43.523425 40.741472
44.772037 39.850007
45.846134 39.892392
46.529685 39.986832
44.166445 40.045889
44.495228 40.451789
44.796686 39.054318
44.771445 39.323515
45.705503 40.831403
46.632425 40.319457
43.533482 40.679700
44.185498 40.212711
44.261534 41.108153
44.655963 40.955530
45.728975 39.668392
43.541116 39.140824
46.112375 39.156699
46.725286 41.083101
46.428351 41.165580
44.737689 39.276754
46.568102 41.076312
45.661915 39.955401
46.735605 41.175206
44.182424 39.826226
44.629085 39.437152
44.209636 40.114393
44.344559 39.643333
45.974643 40.962590
44.094901 39.736989
44.216569 39.082011
45.998947 40.351139
44.976291 40.436706
46.628335 38.901365
46.586747 39.544918
46.767998 39.462331
46.062442 39.733588
43.992762 39.580290
45.354821 39.603295
45.611859 39.948770
46.767599 39.558541
45.462748 40.157470
44.852050 40.261373
45.590497 39.784349
45.851794 39.508725
43.694151 40.059285
45.760087 40.173851
46.494653 40.003164
45.420928 39.182900
45.967728 39.770275
43.600238 39.843501
44.764571 40.159165
45.752686 39.537901
45.799222 39.033422
45.060029 39.868373
44.085977 39.794720
43.672729 39.123491
43.989561 40.518551
44.067066 40.338244
43.756663 40.701599
44.569051 40.917087
45.760078 40.065430
46.238332 39.675830
45.841953 39.503064
44.097827 39.422994
44.397611 40.428665
45.432002 40.661570
45.524839 40.440621
44.385111 41.183161
44.903597 40.986513
43.724776 40.049995
44.247053 39.950792
46.691933 40.645507
43.969007 40.480651
45.067403 39.077138
43.930163 39.284055
44.771958 40.146359
45.465130 40.642604
45.878856 40.248882
43.969216 39.229926
45.520339 39.873264
44.284038 40.871101
43.672000 39.538768
43.468294 40.174054
45.680823 39.825987
43.688667 39.226909
44.584645 39.370539
46.462650 38.964638
46.592648 41.136295
46.615774 41.069299
43.621536 40.495835
44.158058 40.824513
44.172423 39.875160
44.133072 40.875189
46.278760 38.978474
45.960516 40.843827
46.407837 39.402807
44.234933 39.390430
46.424250 41.111959
44.849103 40.717886
43.449093 40.055169
46.502882 40.322078
44.893639 40.856763
45.018214 40.965250
45.650662 39.714336
46.321443 39.150392
44.118889 39.879347
44.094713 39.368152
45.746556 39.504683
44.181800 40.665946
45.505353 40.808846
46.489680 39.380881
45.818720 39.259577
44.813767 38.977324
45.936783 39.444171
44.925805 39.823197
46.271501 40.434855
46.017485 39.339573
45.335445 39.177013
46.531850 39.694429
46.057815 39.581798
46.108771 39.771145
46.194543 40.101566
43.515003 39.431789
44.304583 38.908403
43.717987 38.989287
44.661175 40.870771
46.248884 40.776702
45.795196 40.975277
46.370560 39.581008
44.751316 39.676380
44.127513 40.196499
45.145817 39.045428
43.970637 40.070688
43.541261 41.072187
44.872311 38.959711
45.035695 39.215021
46.714472 40.802584
44.127643 41.086593
46.807395 38.969680
44.515620 39.451003
44.077849 39.360697
46.413948 41.039034
44.942176 40.728857
43.676331 40.594411
45.069526 39.741992
46.371556 41.167811
45.304578 39.017866
46.126573 39.126904
45.046460 40.688363
44.987245 38.912352
46.255025 39.385426
43.874441 39.000565
44.508270 40.614497
