120.649145 23.844598
120.719210 24.189899
120.824513 24.441396
120.532404 24.323313
121.094209 23.886641
120.372751 23.829439
120.336424 24.194922
120.572154 24.028622
120.300330 23.883071
120.788189 23.894926
120.921955 24.185283
120.976459 23.811110
120.904722 24.326860
121.062141 23.835991
120.904459 24.362067
120.255403 24.364452
120.347078 23.952950
120.886538 24.025304
120.416702 24.400745
120.451692 23.959073
120.334017 24.041859
121.008314 23.801381
120.897185 24.048147
120.332552 24.149935
120.506460 23.984654
121.089321 24.081819
120.629653 23.893941
120.837234 24.295751
120.299036 24.338814
120.480958 24.126036
120.418521 23.848298
120.905631 24.256929
120.983400 24.414475
120.257077 24.320184
120.430776 23.959628
120.279620 24.440732
120.323712 24.302014
120.801635 24.428790
120.718626 23.940852
120.980831 24.408572
120.545647 24.285264
120.883773 24.210386
120.815651 24.173090
120.629936 24.278832
120.388031 24.125871
121.018494 23.815876
120.535495 24.384673
120.627327 24.209580
121.074800 23.811728
121.097055 24.215512
120.668379 23.813795
120.539294 23.920284
120.390416 23.981138
120.902802 24.007310
120.685131 24.127029
120.805441 23.880691
120.539136 24.322060
120.750634 24.098533
120.381094 24.016619
120.744085 24.387353
120.880251 23.988725
121.067037 24.405563
120.897372 23.945126
120.437122 23.894868
121.056330 23.812027
120.426483 24.272976
120.806906 24.303948
120.797545 24.178608
120.838590 24.147149
121.075945 24.243028
120.304294 23.991791
120.955712 23.810607
120.328304 24.180369
120.878708 24.206320
120.749939 24.243360
120.854230 23.847501
121.060089 24.387094
120.798287 23.854666
120.885741 24.144293
120.791199 24.244536
120.927768 24.340799
120.341047 24.170775
120.296498 24.412346
120.385278 23.991403
120.653143 24.358723
120.740751 24.367613
120.531766 24.412605
120.435803 24.081445
120.857575 24.442288
120.969641 24.192360
120.643137 23.874511
120.657591 24.072106
120.661871 23.873896
120.740402 23.904193
120.867686 24.163436
120.770628 24.068480
120.715541 24.260799
120.545139 23.850467
120.812337 24.277636
120.900517 23.978221
120.680443 24.363415
120.279348 23.864238
120.337351 24.351137
120.305383 24.337907
121.053188 24.096687
120.710737 24.336348
120.651558 24.003457
120.320966 23.990396
120.831890 23.833146
120.476695 24.318122
120.574113 24.245050
120.776435 24.403557
120.455526 24.293950
120.335928 23.823468
120.892788 24.210973
120.941105 24.066300
120.980728 23.803719
120.804650 24.330725
120.351511 24.068453
120.342318 24.162344
120.854784 23.981029
120.482379 24.180066
120.303496 24.209012
120.481105 23.957953
120.642107 24.145924
120.605092 24.435783
120.297365 23.927180
120.791412 24.284107
120.958535 24.390358
120.845853 23.977443
120.684542 24.144427
120.915632 24.398726
120.349293 24.386964
120.816362 23.860460
120.624320 23.854539
120.515953 24.377177
120.326590 23.958193
120.482377 24.341347
120.761089 24.121241
120.935636 24.213513
120.513877 23.909663
120.666571 23.855114
120.897081 24.223095
120.694833 24.025103
121.042083 24.402897
120.397906 24.398239
120.813648 23.966159
120.768691 24.244208
120.548925 24.114664
120.366227 24.362535
120.332324 24.253687
120.443299 23.950352
120.652226 24.382821
120.508805 23.857993
120.714718 23.834895
120.409931 23.934472
120.415784 24.255451
120.387631 23.901136
121.092928 24.268731
120.499114 23.841679
120.919669 24.155393
120.427041 23.981495
120.992022 23.854604
121.049417 23.939714
121.011252 24.201365
120.844996 24.415772
120.398322 23.857333
120.548391 24.174297
120.691912 23.975235
120.678428 24.380407
120.480472 24.166604
121.060996 24.412301
120.560141 24.103976
120.785955 24.086103
121.026820 24.146017
120.303462 24.086021
120.465764 24.003965
120.874905 24.426208
120.750696 23.889641
120.938557 23.832134
120.285333 23.812871
120.833221 23.939741
120.775325 24.440792
120.982133 24.125633
121.088290 24.434364
121.007061 24.108739
120.312227 24.013611
120.909596 24.439681
120.931011 23.982186
120.736376 24.241372
120.725304 24.190191
121.042966 24.162198
120.814151 24.189426
120.968515 24.216458
120.839744 24.030797
120.932541 24.198702
120.401070 24.433007
120.985457 24.190805
121.010528 24.167903
120.756919 24.126997
120.695119 23.855311
120.678520 24.132039
121.051153 23.996843
120.475578 24.246655
120.898764 24.168991
120.990650 23.894369
120.666793 24.420489
120.492914 23.878863
120.896243 24.270342
120.861885 23.861254
120.308914 23.865595
121.094451 24.199319
120.363107 24.272484
121.010514 23.852282
120.370314 23.921656
120.749714 24.366688
120.271980 24.424808
120.706792 24.057255
120.627460 24.323844
120.829443 24.432727
120.676592 24.269184
120.302811 24.436205
120.924044 24.162958
120.870197 24.282640
120.750777 24.175612
120.666760 24.411987
120.346019 24.441810
120.782410 24.092945
120.698291 24.086793
120.781213 24.291091
120.279547 24.429765
120.371523 24.164320
121.023123 23.883873
120.518708 24.287327
120.746321 23.881174
120.412806 24.370823
120.896648 23.915537
120.381562 23.937092
120.572038 24.133606
120.335288 24.000578
120.969884 24.051221
120.882967 24.171405
120.441824 23.968149
120.364697 24.013664
120.755580 24.111648
120.918870 24.162704
120.278507 24.255628
120.360345 24.275049
120.469454 24.091046
120.712989 24.075532
120.603298 24.152677
120.276119 23.852576
120.730884 24.038784
120.541509 24.314067
121.067180 23.937049
121.062406 23.886789
120.748128 24.045313
120.277865 23.856548
120.940115 24.135375
120.910926 24.115296
120.584613 23.913369
120.982030 23.937543
120.283881 24.244179
120.839216 24.019305
120.812503 24.159559
120.258853 24.415338
120.769109 24.288171
120.815821 24.432713
121.067848 23.815984
120.645067 24.419520
121.003093 24.370445
120.505546 24.049895
120.662193 24.063740
120.354169 24.320076
120.274612 24.096682
120.383013 24.438719
120.479853 24.324320
121.011248 24.409085
121.002118 24.043503
120.304926 24.159748
120.818084 23.885175
120.451351 23.872662
120.506675 24.098149
120.860614 24.285923
120.554601 24.254219
120.849234 23.817224
120.766566 24.046623
120.887920 24.404179
120.405068 24.024364
121.083999 24.047076
120.326028 24.106299
120.848910 24.011007
121.025820 24.200274
120.410713 24.155489
120.436261 23.942165
120.341815 23.853895
120.805457 23.863284
120.375457 24.137501
120.920509 24.349145
120.936884 24.105083
120.644975 24.291166
120.539473 24.311578
120.314849 23.837606
120.444471 23.900675
120.808426 24.210251
120.595836 24.188484
120.922763 24.187618
120.714163 24.133023
121.047401 24.348620
120.428713 24.099680
120.507059 24.248261
120.495637 24.337784
120.336158 23.848628
120.981151 24.198487
120.497296 24.437186
120.774111 24.023173
120.623828 23.889986
120.989551 24.301862
120.299745 24.274672
120.305736 23.891098
120.903924 24.343105
121.000055 24.185414
120.299821 24.034182
120.496149 23.921511
120.262201 23.992638
121.091359 24.056999
120.602636 24.184850
121.091151 23.978500
120.732948 23.813095
120.466633 24.049012
120.567454 24.036101
121.097766 24.093547
121.053782 23.859750
120.807023 23.803885
120.342267 23.807568
120.372219 24.044928
120.476076 24.282405
120.438119 24.167870
120.288145 24.324009
121.012006 24.192963
120.270159 24.301736
120.354491 24.198855
120.397530 24.265969
120.322475 24.206185
120.266604 24.110634
120.589565 24.031727
121.092115 23.873767
120.585922 24.134324
120.816486 23.870389
120.865761 24.025074
120.312347 24.024272
120.372230 24.116677
120.948494 23.882048
120.986866 24.367617
120.447074 24.413770
120.267427 24.123417
120.528862 24.273322
120.520328 24.017112
120.408545 24.141484
120.608214 24.374202
121.091608 23.959442
120.828665 24.213916
120.478867 24.168783
120.747732 24.295997
120.825747 24.135128
121.024081 24.120371
120.402129 24.198830
120.883825 24.179143
120.974124 23.881198
120.574803 23.920993
120.924694 23.937709
120.331344 24.126445
121.013103 24.261182
120.408628 23.841695
120.505595 24.420269
120.891484 24.252024
120.998069 23.998509
120.547322 24.036486
120.518077 24.353452
120.766765 23.894645
120.825582 24.096939
120.804780 24.338553
120.965623 24.268511
120.816684 24.023580
120.306473 24.015599
121.070122 24.303779
121.036620 23.892315
120.957692 23.803752
120.875626 23.985504
120.313207 24.033587
120.497916 23.970945
120.605029 23.800833
120.265855 24.244168
120.601946 23.931565
120.841334 24.396584
121.049126 24.182879
120.883505 23.961169
120.301520 23.984056
120.890007 24.275467
120.694668 24.085151
120.604589 23.826088
120.929351 24.048449
120.552119 23.886507
120.453025 23.860266
120.944861 24.361972
120.581283 23.813849
120.923791 24.311121
120.608856 24.229001
120.333927 24.312621
120.540599 24.021584
120.353910 23.915002
120.360079 24.209109
120.514378 24.304903
120.297620 23.984582
120.582158 24.285195
120.534248 24.133289
120.330934 23.864313
120.373976 24.140179
120.400312 24.171971
120.951519 24.272677
120.697568 24.126000
121.083111 24.104749
120.539562 24.349757
120.483622 24.161158
120.965585 23.960901
121.085499 23.959933
120.466072 24.347814
120.308963 24.206853
120.954444 24.017794
120.773523 24.436762
120.875130 24.097894
120.906713 23.831869
120.841570 24.275600
120.734097 24.400884
120.250458 23.922254
120.782761 24.202862
120.487341 24.263913
120.603444 24.396607
120.624750 23.881605
120.523970 23.976018
120.891017 24.225058
121.016405 24.130831
120.950725 23.882394
120.734722 24.260998
120.414518 23.904623
120.598307 23.837306
120.776279 24.278416
120.266691 24.070734
120.274692 23.900132
120.502020 24.235906
120.947081 24.439944
121.006427 24.119528
120.280129 24.210654
120.998491 24.084142
120.796499 24.371316
120.640899 23.981764
120.635493 24.203804
120.687050 24.102673
120.733646 24.245216
120.952451 23.918470
120.380767 24.050564
121.070271 24.144037
120.402026 23.832181
121.081254 23.874217
120.654986 24.075250
120.706329 23.988557
121.033658 23.995910
121.047435 24.429524
120.763418 24.093910
120.262771 24.279493
120.788989 24.061738
121.015242 24.372755
120.317630 24.222056
120.600311 24.318427
120.971606 24.163882
121.004218 24.336364
120.732539 24.380886
120.963451 24.274735
120.507846 24.259382
120.420557 23.827591
120.266245 24.439101
120.729614 23.824465
120.278258 24.340037
120.635880 24.130880
121.011197 24.091946
120.322251 24.437560
121.057168 24.330075
120.983782 24.341368
120.504157 24.282248
120.768211 24.121153
120.276203 24.258135
120.561940 23.982079
120.496290 24.338710
120.394117 24.233177
121.092903 23.821121
120.562008 24.367903
120.586562 23.944299
120.969102 24.371834
121.046708 24.344814
121.061940 23.998478
121.046734 24.411067
120.813414 24.295116
120.998366 23.851417
120.949020 24.212743
120.478563 23.967978
120.673731 24.157516
120.263993 24.139226
120.252638 24.279098
120.337602 24.108253
121.039905 24.210329
120.833962 24.002596
120.416240 24.078011
120.779680 24.068074
120.857971 24.198308
120.336070 23.805926
120.344357 24.259672
120.698506 23.902986
120.460282 24.425288
121.025634 23.943157
120.317987 23.847036
120.818175 24.395813
120.592824 24.376367
120.727987 24.343247
120.388584 23.830306
120.406249 24.397551
120.781042 24.320882
120.381066 24.290944
120.933031 24.252187
120.986481 24.051195
120.993070 23.838855
120.611740 24.355808
120.335588 23.916870
120.435705 24.089082
120.981536 24.064589
120.509984 24.224680
120.794066 23.852574
120.856115 23.949620
120.970986 23.991452
120.349530 24.365991
120.746825 24.112478
120.651242 23.861297
120.981203 24.130872
120.876921 24.318176
120.932714 24.065100
120.653858 24.333834
120.985025 23.987122
120.298146 24.022019
120.488922 24.088480
120.681310 23.842086
120.889678 24.089830
120.861248 24.227197
120.259630 24.015408
120.986638 24.278620
120.742617 24.203673
120.451010 24.180615
120.343759 24.112120
121.019858 24.388188
121.063071 24.269396
120.897853 24.018308
120.529924 23.801555
120.844855 23.967513
120.260939 24.289456
120.569823 24.112617
120.328465 23.857798
120.722848 24.123701
120.686481 24.335907
120.612075 23.995612
120.620012 24.066949
120.654904 24.292080
120.813185 24.182478
120.414448 24.065164
120.673023 23.836109
120.955907 24.375999
120.515521 24.144768
120.335639 23.878996
121.019001 24.351340
120.762854 24.029653
120.955811 23.919459
120.456402 24.322278
120.396973 23.913052
120.377887 23.868303
120.335761 23.829290
120.878941 23.892143
120.701918 24.046180
120.348059 24.381600
120.455333 24.025487
120.877358 23.995972
120.776025 24.067576
120.905061 23.928192
120.846149 24.022826
120.376481 23.956241
120.637958 24.065062
120.719167 24.195373
120.491549 23.827044
120.436297 24.134251
120.266995 24.269833
121.070370 24.175644
120.808244 24.077434
120.363892 24.356570
120.285516 23.931378
120.605071 23.995683
121.018470 24.213363
120.336921 24.171786
121.059785 24.342412
121.050516 24.364269
120.697359 24.168136
120.918123 24.089099
120.556180 23.937241
120.625008 23.879738
120.308613 24.132054
120.614309 23.820523
120.982984 24.035478
120.792482 24.063447
120.613880 24.248449
120.462361 24.157315
120.451120 24.349679
121.044584 24.127959
120.490822 23.869565
120.998454 24.424296
120.355768 24.189466
120.869159 24.268279
120.346300 24.159982
120.347651 24.096476
120.883243 23.910060
120.343931 24.327575
120.440266 23.865850
120.524169 24.034963
120.836603 24.376461
120.990197 24.021812
121.063905 24.411986
120.428372 23.854597
120.321877 24.397026
120.607628 24.016254
121.092175 24.410239
120.258788 24.074563
120.378263 23.963632
120.721487 24.275919
120.387914 24.220171
120.868100 24.309210
120.564711 23.832765
120.658783 24.090773
120.672707 23.862967
120.393311 24.036484
120.501018 24.174356
120.670776 23.894532
120.634649 24.021682
120.898835 24.387851
121.029372 24.050451
120.554034 23.897496
120.941259 24.165689
121.070765 24.214444
120.358943 24.368340
120.444333 24.265871
120.939869 24.024601
120.920005 23.956455
120.719220 23.880911
120.329718 23.886284
120.760192 24.125686
121.048412 23.954763
120.682795 23.867174
120.526504 24.199713
120.386088 23.844031
120.720675 23.805764
120.498692 24.412441
120.414420 24.162220
120.473404 24.367841
120.948016 23.985357
120.493627 23.995443
120.836211 24.322848
120.998147 24.208697
120.332107 23.924339
120.531054 23.815975
120.275083 24.112938
120.874862 24.256815
120.631878 24.346792
120.406425 24.209659
120.793192 23.984665
120.991288 24.113207
121.009174 23.841276
120.262875 23.840256
121.033363 23.897129
120.282322 24.021464
120.580165 24.269058
120.799399 24.128381
120.740978 24.362954
120.955618 24.050989
120.996366 24.435574
120.769561 24.068303
120.399575 23.863032
121.002971 24.220466
120.766472 23.845522
120.481612 24.002002
120.273268 24.218752
120.461540 24.170251
121.039311 24.307962
120.306813 23.986486
120.985970 23.831802
120.647991 24.026531
120.870256 23.893396
120.781985 23.849276
120.843778 23.842446
120.569243 24.265938
120.888373 23.997091
120.995624 24.152049
121.004659 24.053517
120.990270 23.978569
120.828981 24.310917
120.305921 23.883812
120.282979 24.415218
121.042036 23.926002
120.320555 23.928175
120.455677 24.178012
120.626479 24.137752
121.032323 23.910019
120.901037 24.198573
120.678708 24.077889
120.364075 24.333623
120.380501 24.387927
120.775048 24.050940
120.646474 24.276202
120.615185 23.958388
120.424655 24.022567
120.385470 23.892226
120.770955 24.179776
120.252524 24.257705
121.004546 24.431641
121.059126 24.391168
121.055593 23.981806
120.544609 23.843848
120.274685 23.965008
120.377910 23.942128
120.686913 24.126497
120.740999 23.904754
120.433156 23.908367
120.356483 23.844547
120.811122 23.940185
120.521959 23.801506
120.555581 24.266393
120.382026 24.207857
120.576550 24.132999
120.806934 23.890021
120.800456 24.183361
120.758121 24.413069
120.537024 24.424152
120.569011 24.391980
120.321124 24.056347
120.417616 24.270376
120.963173 24.235063
120.531978 24.058755
120.579078 24.429760
120.583455 23.811075
120.598288 24.287709
120.937990 23.983475
120.904183 23.983270
120.441179 24.032447
120.371234 23.939088
120.520019 23.823088
120.923198 24.430071
121.057684 24.245233
120.709600 24.438997
120.941533 24.430148
121.020343 23.864737
120.867131 24.373713
120.283215 23.985815
120.577406 24.395180
120.640919 24.425748
120.655067 24.006616
121.072605 24.405104
121.034122 24.378199
120.321973 23.931104
120.272170 24.082481
120.477138 24.318359
120.685540 24.352518
120.480764 24.394930
120.438748 24.414465
120.792073 24.266340
120.890458 23.984925
120.713300 24.367657
121.082249 23.854561
120.962623 23.943578
120.394061 24.301003
120.920769 23.977067
120.888673 24.430627
120.361484 23.874677
120.663214 23.812295
120.746146 24.433806
120.453817 24.144714
120.814138 23.889749
121.082910 24.261345
120.483106 24.280925
121.019182 23.904471
120.631316 23.929377
120.343791 24.419325
120.873838 23.812809
120.803289 24.121205
120.269554 23.999509
120.925321 24.093430
120.382348 24.028285
120.316167 24.147014
120.549748 24.390034
120.514197 24.246113
120.574379 24.042533
120.958318 23.917028
120.476998 23.887570
120.576617 24.240426
120.571018 23.884695
121.054919 24.216698
120.361216 24.179264
120.308383 24.238873
120.477264 24.196095
120.844708 23.898924
120.413845 24.161331
120.435099 24.415827
120.703708 24.180986
120.534206 24.356672
120.415824 23.929689
120.298230 24.208727
121.026925 24.420916
120.358563 24.079335
120.262097 24.394795
120.419937 23.913780
120.807428 24.021542
120.478616 24.220674
120.512214 24.314430
120.651554 24.324029
120.434173 24.037378
120.674092 23.937405
120.798910 23.885067
120.736869 23.902708
120.802731 23.901834
121.051576 23.809575
120.321223 24.396111
120.586666 24.232476
120.902669 24.159295
120.634872 23.957844
121.038143 23.818045
120.846803 24.301313
120.407634 23.934023
120.540166 24.347506
120.411782 23.860193
120.375801 24.391158
120.464139 23.979476
120.285132 24.025406
120.580623 23.887652
120.777881 24.134066
120.943070 23.982095
120.940697 24.008616
121.090594 24.126654
121.099130 23.979182
120.856132 24.441122
120.957743 24.167706
120.754656 24.442726
120.383720 24.080067
120.906607 24.004091
120.379572 24.227801
120.754611 24.316964
120.391250 23.823807
120.897962 24.171057
120.810047 24.149092
120.849211 23.909011
120.553672 24.065246
120.580230 24.130025
120.550442 24.266067
120.895628 24.277764
121.078699 24.052223
120.287460 24.100865
121.068477 23.921282
120.972996 23.884034
121.029698 24.056214
120.394125 23.840515
120.281864 24.368623
120.718111 24.152358
120.428140 24.410168
120.429864 24.247095
120.746942 24.157569
120.689224 24.410457
120.458159 23.935824
120.826286 23.818456
121.067874 24.155111
121.043539 23.996565
120.760246 24.135097
121.080500 23.861435
120.387181 24.354408
120.422511 24.189859
120.372366 24.155554
120.845347 24.076837
120.454999 23.952726
120.666992 24.258365
120.614554 24.399174
120.340844 24.165349
120.423012 24.055091
120.378358 24.133687
120.680803 24.323895
120.544969 23.870523
121.042585 24.170256
120.775543 24.087980
121.095128 24.322022
120.932502 24.425426
121.088349 23.861694
120.917758 24.211539
120.538007 23.820928
120.998988 24.272921
120.399708 24.323445
120.977207 24.368620
120.718935 24.099881
120.571538 24.256487
121.081164 23.837224
120.744724 24.329717
120.532934 24.394994
120.989207 23.964062
120.802212 24.291387
120.659966 24.108852
120.661288 24.166189
120.442902 24.229047
120.877849 24.208747
120.804676 24.324559
120.699892 24.168935
120.780045 24.356862
120.743122 24.262084
120.683927 24.308463
121.092162 24.146933
120.571644 24.140676
120.697851 24.202337
120.639294 23.809856
120.496104 24.088974
120.683465 24.028171
120.325586 24.263705
120.343477 23.979714
121.065740 23.810052
120.628642 24.027818
120.945363 24.095044
120.732291 24.261948
120.785334 23.980360
120.576261 24.212802
120.832905 24.288522
120.339215 24.267937
120.419403 23.995009
120.950239 24.077793
121.094463 24.384132
120.771826 24.217475
120.431481 24.310799
120.425405 24.008659
121.036932 24.093335
120.698083 24.108936
120.572708 24.182163
120.456812 24.303945
120.835476 24.217007
120.542614 24.041804
120.498720 24.310438
120.515850 24.425748
120.996583 24.162840
120.395710 24.273956
121.053567 24.305143
120.410047 24.107298
120.259485 24.098716
120.644382 23.822037
120.572482 24.287855
120.645570 24.387768
120.587423 23.864428
120.488319 24.107421
120.969667 24.287426
120.447337 24.109113
120.349226 23.955617
120.624684 24.241929
120.937817 23.904691
120.547982 24.162495
120.480655 23.980347
120.793199 24.222697
120.746597 24.241850
120.494552 23.856539
120.694077 24.033166
120.569192 24.040372
120.328387 23.910618
120.509239 24.147673
120.268574 24.110459
120.858089 24.115433
120.906070 24.070227
120.886023 24.082207
121.069654 23.867129
120.908610 24.190854
120.688675 24.388815
120.321348 24.392735
120.326582 24.441886
121.057106 24.062638
121.023915 24.336014
120.349788 24.435238
120.750977 24.106025
120.472042 24.251054
120.821784 24.422123
120.731624 24.415850
121.045999 23.877637
120.382640 24.008377
120.867892 24.082252
120.576003 24.012131
120.358968 23.846289
120.985783 23.905821
120.537500 24.118979
120.284033 24.345321
120.433923 23.837484
120.452806 24.042593
120.895587 24.385484
120.556515 24.139394
120.253877 24.060984
121.013328 24.196433
120.742468 24.309697
120.252302 23.805682
121.035836 23.934991
120.586191 24.383410
120.441919 24.300716
120.946995 24.336604
121.087612 24.063016
120.607770 23.885943
120.576695 24.420753
120.961733 24.033289
120.485885 24.392753
120.567316 24.280269
120.585441 23.831631
120.319660 24.368900
120.260311 23.883811
120.768277 23.964349
120.313084 24.367548
120.810496 24.031504
120.876819 23.986791
120.702253 24.166368
120.284568 23.916537
120.875456 23.973091
120.506400 24.360461
120.977491 24.380673
120.909844 24.331529
120.820424 24.089144
120.605852 23.886247
120.348278 24.343855
120.741694 24.063490
120.694506 23.932003
120.993140 23.951356
120.388339 24.196128
120.347464 24.441675
120.872097 24.169329
120.668932 24.182795
120.755649 24.305205
120.941436 24.425878
120.388422 23.918944
120.737455 23.914926
120.927811 24.057701
120.865845 24.137730
120.724485 24.071463
120.385201 23.946752
120.872325 23.827824
120.749887 23.925364
120.901120 24.065053
120.699483 24.327432
120.589151 24.071343
120.368999 24.345756
121.054163 24.051476
120.650711 24.073902
120.363479 23.913559
120.272414 24.025952
120.698298 24.423622
120.341134 24.316689
120.930090 24.405705
121.052883 24.424614
120.651764 24.363476
120.282529 23.948485
120.430626 24.040643
120.590516 24.264377
120.713295 24.203462
120.805711 24.263690
120.725818 24.165681
120.857929 24.152156
120.393569 23.897584
120.785069 24.375762
120.634822 24.267985
120.297948 24.299357
120.710015 24.034418
120.860342 23.873375
120.400260 24.275355
120.279263 24.222189
121.003092 24.043854
120.899809 24.160601
120.646498 24.328145
120.919672 24.047058
120.708106 24.434707
120.270028 23.995481
120.462745 23.872422
120.817459 23.931802
120.645580 24.251497
120.653406 23.889607
120.465193 23.956631
120.524858 23.925664
120.471538 24.324749
121.097303 24.395155
120.801047 23.906697
120.796117 24.005707
120.888635 24.267099
120.549293 24.299492
120.387717 24.170722
121.032655 24.323163
120.936265 23.978353
120.999073 24.346352
120.616053 23.869556
120.596021 24.143530
120.668992 23.896198
120.925595 24.277588
120.331457 23.895822
120.475401 24.122215
120.927393 24.055208
120.558304 23.876417
120.962221 24.039161
120.811597 24.135378
120.488185 23.804922
120.464315 24.052503
120.651850 24.159112
120.533657 24.071694
120.606401 24.284807
120.382080 23.916033
120.908227 23.846022
120.539479 24.123055
120.527533 24.069434
120.853688 23.803664
121.093965 24.125299
120.859426 24.065290
120.647486 24.358590
120.307776 23.893520
120.413705 24.001232
120.661314 23.903390
120.685712 24.136600
120.511685 24.339704
120.688019 24.272227
120.965035 24.311021
120.593188 24.306975
120.893133 23.916622
120.940464 24.427232
121.056334 24.229723
120.485487 24.210449
120.904779 24.145156
120.393906 24.216741
120.308169 24.222978
120.391894 24.146888
120.808269 24.075320
120.768643 24.235968
120.258178 24.046738
120.615821 24.039251
120.659973 24.175761
120.804227 24.203369
120.337990 24.020867
120.593753 24.281848
120.672308 24.137890
120.468287 23.935298
120.509931 23.950983
120.498802 24.180259
120.831874 23.979966
120.278423 23.813694
121.098701 24.151783
120.652123 24.167892
121.068802 23.967592
120.958235 24.195042
120.801561 24.270514
120.539909 23.856487
120.907045 24.109565
120.918435 23.985403
120.383096 24.101378
120.554534 23.981641
121.014656 23.839194
120.845116 23.860665
121.018398 24.114022
120.969560 24.344817
120.645297 24.008555
121.040764 23.815580
120.812511 24.331088
120.743845 24.077652
120.435804 24.373101
120.981733 24.180874
121.066514 24.149693
120.751235 24.139857
120.911380 24.388311
120.423750 23.913444
121.022257 24.108489
121.012546 23.800488
121.002053 23.801253
120.474642 24.432639
120.512160 24.347615
121.092908 23.952022
120.975627 23.920207
120.359408 24.289169
120.704011 24.034055
120.999057 24.237604
120.455156 24.190777
120.606502 24.433192
120.936407 24.283279
120.830617 24.091090
120.710540 24.321893
120.922722 23.976277
120.482660 24.199090
120.914319 24.168562
120.274592 24.228949
120.326856 24.416355
120.363804 24.426071
120.943331 24.087082
120.839902 24.250336
120.750156 24.373912
120.341432 24.304448
121.053793 23.953510
120.378404 23.964535
120.499275 23.890140
120.377928 23.934495
120.591170 24.180628
120.560579 24.398620
121.041171 24.255542
121.084792 24.174131
120.908996 23.807726
120.681067 24.236030
120.674429 24.003245
120.903146 24.019643
120.957549 24.282539
120.252861 23.823645
120.797776 23.882361
120.482331 23.927207
120.275152 23.853017
120.614196 24.306811
120.571553 24.183017
120.489984 24.243194
120.635940 23.916605
121.064405 24.438074
120.871179 24.230690
120.695038 24.055362
120.488962 23.942113
120.964623 24.254968
120.265403 24.066398
121.091202 24.402701
120.310758 24.219449
120.413239 24.278376
121.072458 24.051908
120.705433 24.123678
120.684183 24.156721
120.857853 24.331753
121.087004 24.302716
120.698248 24.271908
120.852255 24.202000
120.473954 24.205083
120.624129 24.331847
120.474025 24.041933
120.961824 24.297488
120.623954 23.847027
120.655809 23.969675
120.495521 24.041351
120.677640 23.990458
121.074495 24.277856
120.349854 23.916923
120.986616 23.814010
120.598437 24.074853
120.536864 24.382863
120.954183 24.417328
120.271241 24.189520
120.816903 24.172891
120.650111 23.843978
120.385110 23.875297
120.308091 23.906403
120.267512 23.954161
120.730181 24.291890
120.633718 24.066150
120.851821 24.280459
121.072206 24.046751
120.412682 24.099346
120.645853 23.837812
120.701844 23.940175
120.529727 24.012440
120.710782 23.886765
120.378226 24.377329
120.769214 23.915987
120.878843 24.229619
120.790912 24.391750
120.463407 24.149354
120.644866 24.097675
120.629069 23.862268
120.433358 24.065174
120.279142 24.309867
120.811261 24.179132
120.541437 24.246038
120.562361 23.887134
120.900079 24.326231
121.072992 24.295750
120.593478 23.924483
120.410458 24.046028
120.351581 23.920026
120.371487 24.261720
120.378470 24.320404
120.277131 24.163133
120.462563 24.072731
120.466729 24.181066
120.905663 23.884141
120.511679 24.300460
120.707675 23.904294
120.819376 23.804517
120.385086 24.336606
120.464134 24.408833
121.007492 23.902374
120.949055 24.069085
120.992391 23.828158
120.835776 23.992351
120.420548 24.310565
120.426384 23.977296
121.064658 24.321021
120.372462 23.905600
120.487889 24.259424
120.549948 23.870464
120.968011 23.905091
120.973412 23.931269
120.549877 23.966237
120.906636 24.076274
120.845796 23.933496
120.816564 23.971099
120.704188 24.114632
120.273867 24.145227
120.351839 24.213842
120.457571 24.426503
120.815536 24.425917
120.888558 23.858693
121.033035 24.335564
120.767102 24.046486
120.402819 24.388325
120.844879 24.389832
120.346755 24.171469
120.525658 24.187055
120.332774 24.049704
120.853165 23.828071
120.778534 23.871909
121.066974 23.898326
120.890532 23.975101
120.570837 24.335597
120.678488 24.385418
120.996457 24.264642
120.751411 23.991083
120.479740 24.181445
120.629095 24.317515
120.576011 23.828192
120.689044 24.223600
120.953204 23.834399
120.259875 24.330908
120.922396 24.064600
120.928839 24.045146
120.564980 24.137140
120.770002 23.881541
120.297002 24.165793
120.922925 24.213647
120.627142 23.972002
120.782868 24.132696
120.379342 23.911091
120.479593 23.927285
120.654958 23.972705
120.338175 23.821286
120.782583 23.817988
120.317522 24.119924
120.763596 24.043933
120.271684 24.239035
120.369278 24.159380
120.588287 24.250308
120.680639 24.437367
120.496607 24.127900
120.766144 24.329375
121.051858 23.865254
120.315604 24.348818
120.627949 24.197238
120.335102 23.965187
120.835736 23.946364
120.748903 23.934750
120.487284 24.302956
120.577695 23.878005
120.293060 24.202326
120.505728 24.351552
120.432220 24.176531
120.687545 24.088691
120.347205 23.907664
120.359179 23.857008
120.685717 24.124343
120.484273 24.009477
120.526231 23.890397
120.559208 24.016313
120.840161 24.246934
120.472974 24.166729
120.945956 24.040447
120.772294 23.853345
120.635095 24.395361
120.286458 24.053410
120.924785 24.015367
120.402768 23.952790
120.631160 24.201585
120.455880 24.165713
120.584757 24.249333
120.411681 24.164289
120.409316 24.038796
120.284025 23.827163
120.667166 24.290448
120.290944 24.432673
120.924847 24.244525
120.882496 24.073230
121.013300 24.215541
121.041159 24.160845
120.416522 24.151825
120.623489 24.207767
120.258737 24.078397
120.752940 23.951782
120.625966 24.337486
120.899792 24.360735
120.577175 24.343345
120.989850 24.094849
120.501511 24.285665
120.705116 23.846576
120.673115 24.389178
120.486468 23.802365
120.721538 24.393676
120.751906 24.338705
120.886182 24.098110
120.296435 24.387823
120.975351 24.406725
120.908095 24.338270
120.681192 23.997100
120.702435 24.353812
120.283249 23.900126
120.942995 24.408031
120.757130 24.326524
120.450046 24.341605
120.331271 23.861653
120.715219 24.435837
120.979512 24.431058
120.549732 24.101907
120.773544 24.230598
120.498856 24.193995
120.454727 23.847553
120.657934 24.348609
120.531942 23.942228
120.914087 24.083901
121.042524 24.443335
120.623994 24.421291
120.813352 24.015332
120.941956 24.084113
120.735776 24.218880
120.853380 24.198177
120.503481 23.953313
120.902251 23.855144
120.692932 24.360542
120.984341 23.910153
120.827495 24.258495
120.858218 23.873276
121.043711 24.373247
120.635633 23.945931
120.698795 24.401231
120.876080 23.990617
121.065987 23.991723
120.954605 24.086553
121.097350 23.824036
120.887206 24.201582
120.402598 24.422911
120.532088 23.905508
120.318705 24.089443
121.068240 24.140034
120.679799 24.401374
120.449430 23.966908
120.600623 24.212324
120.269531 24.286456
120.958807 23.858796
120.786177 23.824170
120.615851 24.106214
120.711165 24.002393
120.896800 24.178110
121.015995 24.039828
120.594428 23.956709
120.262883 24.325716
120.328119 23.881989
120.576567 24.305207
121.053139 23.991871
120.879961 24.346255
120.876926 24.230406
120.345932 23.953162
120.340892 24.156865
120.929622 24.137381
120.803713 24.323363
120.525983 24.361725
120.565071 23.905592
120.402806 23.845678
120.369803 24.427804
120.758904 24.154746
120.955246 24.036077
120.762562 24.435295
120.302453 24.147218
120.925138 24.142550
120.719915 23.905653
120.589278 24.291110
120.556386 24.416851
120.759335 24.358712
120.614567 23.882241
120.840201 24.320384
120.480748 24.411305
120.881560 24.218780
120.344290 23.884121
120.891006 24.063064
120.289919 24.020196
120.767791 23.858437
120.339598 24.432269
120.864145 23.932150
120.873113 24.431056
120.703151 23.801062
120.683890 23.817803
120.265363 23.817969
120.314713 24.413334
121.039658 23.816196
120.610764 24.293153
120.263187 24.258384
120.969124 24.261475
120.787664 24.423501
120.981325 24.195709
120.388262 24.174047
120.416632 24.196907
120.565095 24.433399
120.700199 23.920542
121.015458 23.803944
120.475449 24.309540
120.737074 23.903532
120.875519 24.003286
120.513230 24.047354
120.357488 23.899252
120.399136 24.350118
120.756244 24.174911
120.438758 23.854011
120.465499 23.908421
120.260061 24.322025
120.705179 24.332765
120.615207 24.253946
120.715442 24.178913
120.295072 23.817813
120.730471 24.031335
120.959127 24.004668
121.044016 24.425723
120.597436 23.892027
120.560605 24.384070
120.985406 24.439836
120.556993 24.308681
120.362708 23.898483
120.620723 24.264852
120.724328 24.294673
120.523611 24.101621
120.457789 24.072156
120.484343 24.118791
120.250970 24.359939
120.509913 24.010919
120.572591 23.820325
120.659988 24.343738
120.704439 24.433197
120.463408 24.187767
120.439798 24.305260
120.702488 24.201322
121.041118 23.929646
120.616783 24.040538
121.054943 23.831648
120.349053 24.046587
120.381037 23.962652
120.509627 23.837920
120.276013 24.268008
120.872703 23.949175
120.649704 24.101423
120.894602 24.319737
120.482474 24.078352
120.753545 24.032992
121.003568 24.365698
121.065689 24.215771
120.581878 24.305827
120.459299 23.910082
120.288364 24.092232
120.737496 24.085890
120.751265 24.056295
120.698343 23.850203
120.252519 24.128697
120.650468 23.821253
120.412322 24.161646
120.303249 24.226460
120.598929 24.276351
120.764479 24.090636
120.527492 23.887569
120.876643 23.971865
120.904517 23.983519
120.789295 23.979441
120.656403 24.007646
120.647034 23.905558
120.321777 23.841659
121.006990 24.231315
120.383377 23.804716
120.824360 24.339406
120.733160 24.045485
120.804409 24.069651
120.526926 23.818033
120.712389 24.178063
120.988163 24.345980
120.787892 23.939342
120.296726 24.061473
121.032781 24.274223
120.593828 23.856918
120.859620 24.443006
120.596125 24.052428
120.861451 24.077445
120.324766 24.066755
120.523348 24.333832
120.926178 24.331237
120.576817 24.328351
120.661140 23.858730
120.646543 23.936965
120.629648 24.224240
120.821334 24.237704
121.079382 24.183010
120.319785 24.157234
120.352451 23.931212
120.461452 23.829968
120.704658 24.337643
120.391600 24.177127
120.769093 23.951072
120.898826 23.994524
121.045436 24.426955
120.872466 23.831979
120.933721 24.225086
120.517632 24.107972
120.422650 24.158315
120.581532 24.135809
120.636313 24.011166
120.595553 24.352605
120.488282 24.346700
120.429643 23.893593
120.515397 23.893352
120.334972 24.259428
120.634147 23.971638
120.682443 24.409543
121.021381 23.955596
120.567545 24.094941
120.598807 24.362429
120.760614 24.074209
120.822744 24.033725
120.454424 23.921211
121.002760 24.016296
120.569767 23.836958
120.971340 23.853706
121.027737 24.349049
120.673510 23.807038
120.582903 24.192463
120.493599 23.962905
120.272097 24.290674
120.534015 24.327093
121.040848 23.823711
120.810354 23.890438
120.327675 24.260959
120.431594 24.281700
120.344448 24.005815
120.428023 24.380740
121.062759 24.151216
120.396853 24.198200
120.294336 24.429680
120.853804 23.871636
120.701859 24.002579
120.282574 23.922339
120.660792 24.431525
120.493878 24.049130
120.544475 24.373616
120.829666 23.892422
120.582020 24.008873
120.671908 23.918901
121.001901 24.269576
121.082899 23.938669
120.956809 23.887187
121.018292 24.186522
120.853564 24.220409
120.646077 24.425836
120.292499 24.187137
120.554978 24.120427
120.489641 24.317221
120.710539 23.914403
120.811963 23.958666
120.478063 24.228549
120.754375 24.259924
120.655384 24.030814
120.545583 23.936230
120.755940 24.301405
120.543669 23.886258
120.347123 24.390392
120.933000 23.905569
120.484062 24.363165
120.877180 24.400540
120.441093 24.060783
120.658325 24.437672
120.854943 24.365827
120.720535 24.405308
120.719173 24.377646
120.441784 23.972921
120.497410 24.124351
120.585787 23.943192
120.369077 24.005219
120.304458 24.129898
120.486116 24.036220
120.298147 24.122298
120.599431 24.226533
120.433738 24.297816
120.922065 23.800800
120.269594 24.054910
121.047060 24.345693
120.675365 24.337433
120.586216 23.906285
120.362262 24.077916
120.868911 23.800914
121.032991 24.246333
121.065322 24.162810
120.289917 23.863725
120.980027 23.999187
120.414832 24.043749
120.978792 24.048681
121.034941 23.917735
120.995840 23.873705
120.318262 24.367666
120.948291 24.309169
120.638157 24.162209
120.402981 24.322253
120.831184 24.076840
120.639667 24.084920
121.018908 24.141869
120.273624 24.175568
120.289656 24.355744
120.600327 23.962816
120.606733 24.159338
120.436841 24.084638
120.689667 23.837953
121.085664 24.032168
120.759751 24.314114
120.858724 24.004232
120.283373 24.121793
120.314004 24.025037
120.993166 24.067556
121.047274 24.019730
120.531917 24.325640
120.695197 24.355602
120.623487 23.882385
120.524067 23.851397
120.428697 23.869122
120.546091 23.858144
120.937479 23.992657
120.820681 24.376258
120.764154 24.287689
120.590055 24.043905
120.510627 24.303172
120.351062 24.419965
120.594324 24.395470
120.619458 24.075457
120.518098 24.038279
120.813208 23.997518
120.888202 24.443686
121.017479 24.157659
120.410852 24.427047
120.462459 24.071124
120.702003 24.128251
121.096469 24.340918
120.670070 23.927331
120.276554 23.940358
120.291547 24.319140
120.488673 24.040038
120.638714 24.086182
120.709700 24.305328
120.952091 24.075620
120.862143 23.884074
120.445441 24.002336
120.360289 23.997133
120.276069 24.059679
120.808194 24.171914
120.719124 24.167626
120.357559 24.169018
121.030420 24.311211
120.943389 24.116014
121.077216 24.182177
120.525122 23.908605
120.423152 24.212113
120.749004 24.437493
120.276510 23.972309
120.721303 23.926880
121.016973 24.065277
120.462022 24.339195
120.271236 24.034430
120.363468 24.353886
120.636731 24.038685
120.346247 24.245361
120.485747 24.213352
120.291135 24.290906
120.320272 24.095992
120.451676 24.004459
120.779906 24.398102
120.545669 23.919103
120.651226 24.304303
121.045058 24.262483
120.920789 24.071214
120.401272 24.129912
120.840053 24.325547
120.541747 24.059115
120.745038 24.226197
120.883817 23.977363
120.559842 24.339628
120.858787 24.205841
120.853259 24.151653
120.696187 23.961168
120.348320 24.334967
120.581867 24.175636
120.281178 24.382118
120.266071 24.283144
120.591916 24.189089
120.400594 23.889608
120.365850 24.427420
120.278182 24.035315
120.803666 24.049979
121.006768 24.310451
120.520240 24.331590
120.554028 23.856821
120.846587 24.276634
120.725962 23.877762
120.650297 24.349978
120.797276 23.948862
120.871707 23.820708
120.595246 24.284549
120.286663 24.337850
120.691532 23.810222
120.901385 24.198630
120.784932 24.211340
120.758714 23.845826
121.062037 24.262733
120.472469 24.158881
120.697717 24.277597
120.533199 24.003382
120.370858 24.275276
120.369929 24.212425
120.757626 24.011628
120.536707 24.244626
120.289330 23.851516
120.955515 23.993781
121.003229 24.247619
120.848966 24.260037
120.532314 24.213102
120.945167 24.183168
121.031586 23.974899
120.689369 23.888473
120.577406 24.066942
120.347956 24.351020
120.798669 24.251571
121.061307 24.147928
120.725644 24.283380
120.553845 24.340135
120.644080 24.179088
121.047180 23.958500
120.816760 24.199107
120.754242 24.146407
120.614150 24.245583
121.041586 24.195367
120.929021 24.311169
120.262574 24.382625
120.727192 24.113516
120.840829 24.379630
120.351610 24.144700
120.995975 23.989185
120.690722 23.841192
120.572966 23.884021
120.603843 24.016253
120.741127 24.029746
120.301756 24.068541
121.087796 24.315011
120.424509 24.058232
120.426860 24.234421
120.796502 24.078253
121.004505 24.331286
120.555066 23.939219
120.607219 24.321255
120.398477 24.005720
120.364990 24.304485
121.050431 23.816581
120.711045 23.883539
120.928955 24.009784
120.617212 24.154461
120.360424 24.101339
120.841596 24.363323
120.367321 24.402241
120.945008 23.940836
120.310904 24.384582
120.508193 24.122192
120.602468 24.058018
120.766217 24.166401
120.689321 24.302608
120.920816 24.000289
120.733025 24.023055
120.268730 24.068920
120.432963 24.146458
120.331154 24.292826
120.748801 24.210587
120.651996 24.165860
120.687706 24.009379
120.304442 24.301031
120.884793 24.131032
120.818016 24.113380
121.076378 24.133538
121.025179 23.971478
120.526090 24.134691
120.277325 24.130018
120.932956 24.214830
120.551579 24.185653
120.852853 24.134877
120.842191 24.328980
120.652493 23.960200
120.429645 24.251460
120.284250 24.177879
120.394881 24.343303
120.251271 23.829272
120.644839 23.965941
120.795443 24.053158
120.968799 24.374523
120.680866 24.021370
120.974500 23.850011
120.486893 24.022520
120.919842 24.216404
120.632652 24.079515
120.390360 24.416283
120.872504 24.402725
120.504360 24.221771
120.880744 24.291436
120.961136 23.806872
120.578025 23.945088
120.883464 24.131113
120.660527 24.360319
120.762299 24.062908
120.594330 23.823642
120.508709 24.390140
120.627504 23.836553
120.359716 24.141749
120.277690 24.245746
120.392759 24.330337
120.808232 24.363483
120.548616 24.213313
121.007012 24.310436
120.535479 24.028119
120.754623 23.964288
121.013048 24.303805
120.910054 24.218366
120.954442 24.418774
120.614121 24.299852
120.816439 24.339805
120.322416 23.840516
120.718207 24.045785
120.930263 24.261260
120.406254 23.995252
120.561677 23.989739
120.376677 24.313389
120.373880 24.343126
120.309910 24.049835
120.422087 24.372686
120.277460 24.084533
120.714777 24.412898
120.840506 24.031201
120.705420 23.842098
120.401205 24.438283
120.685954 23.843219
120.403189 24.207193
120.309634 24.409487
120.422549 24.268849
120.508026 24.060665
120.799120 23.956786
121.018222 24.109030
120.724162 24.030714
120.604185 24.133784
120.363054 24.124875
120.955584 24.346970
121.054102 24.242193
120.388059 24.261374
120.459145 24.015648
120.900301 24.341078
120.571440 24.422022
120.347585 23.947240
120.569185 23.886288
120.360420 24.181503
120.897520 24.414016
121.006324 23.967935
120.579924 23.853075
120.738258 23.801345
120.348306 24.078291
120.916794 24.069996
120.864566 24.022951
120.730056 23.799979
120.512243 24.109169
120.982021 24.197395
120.491840 24.367494
121.038928 23.929010
120.863014 24.353884
120.865932 24.399482
120.951567 24.151787
120.662916 24.193352
120.647295 23.904785
120.569817 23.905945
120.860908 24.403458
120.955225 24.377055
120.924619 24.066904
120.523512 23.820049
120.713910 23.902539
120.832743 23.950134
120.280441 24.033449
120.614313 23.814439
120.839732 24.118326
