139.76600646973 35.684280395508
139.76600646973 35.684280395508
139.7632598877 35.687026977539
139.76463317871 35.681533813477
139.76875305176 35.684280395508
139.76463317871 35.687026977539
139.7632598877 35.684280395508
139.76463317871 35.685653686523
139.76600646973 35.681533813477
139.76600646973 35.681533813477
139.767629 35.684779999999996
139.76051330566003 35.682907104492
139.76051330566003 35.682907104492
139.76600646973 35.687026977539
139.7632598877 35.682907104492
139.76051330566003 35.685653686523
139.76600646973 35.687026977539
139.76875305176 35.684280395508
139.76463317871 35.682907104492
139.76737976074 35.682907104492
139.765904 35.681939
139.76737976074 35.682907104492
139.756197 35.682907
139.76463317871 35.682907104492
139.76875305176 35.682907104492
139.76600646973 35.687026977539
139.76463317871 35.687026977539
139.76188659668 35.685653686523
139.76463317871 35.685653686523
139.76737976074 35.684280395508
139.7632598877 35.682907104492
139.76463317871 35.682907104492
139.76463317871 35.681533813477
139.76463317871 35.681533813477
139.76737976074 35.681533813477
139.76600646973 35.681533813477
139.7632598877 35.684280395508
139.76463317871 35.682907104492
139.76188659668 35.681533813477
139.76875305176 35.684280395508
139.76600646973 35.684280395508
139.76875305176 35.681533813477
139.76463317871 35.681533813477
139.76463317871 35.684280395508
139.76051330566003 35.685653686523
139.76737976074 35.682907104492
139.76875305176 35.681533813477
139.76738 35.682358
139.7632598877 35.685653686523
139.76188659668 35.687026977539
139.76600646973 35.681533813477
139.7632598877 35.685653686523
139.76188659668 35.688400268555
139.76600646973 35.684280395508
139.76600646973 35.681533813477
139.76463317871 35.681533813477
139.76737976074 35.681533813477
139.76737976074 35.681533813477
139.76600646973 35.684280395508
139.7632598877 35.684280395508
139.76188659668 35.687026977539
139.76463317871 35.685653686523
139.76875305176 35.681533813477
139.76326 35.685654
139.76737976074 35.682907104492
139.7632598877 35.684280395508
139.76738 35.68222
139.76463317871 35.682907104492
139.76875305176 35.681533813477
139.76463317871 35.684280395508
139.7632598877 35.681533813477
139.76875305176 35.682907104492
139.7632598877 35.687026977539
139.76463317871 35.687026977539
139.76600646973 35.687026977539
139.76188659668 35.68977355957
139.76600646973 35.688400268555
139.76463317871 35.685653686523
139.76463317871 35.681533813477
139.76600646973 35.687026977539
139.76600646973 35.681533813477
139.768845 35.681534
139.76600646973 35.681533813477
139.76463317871 35.682907104492
139.76737976074 35.681533813477
139.76737976074 35.681533813477
139.76600646973 35.681533813477
139.76600646973 35.684280395508
139.7632598877 35.681533813477
139.7632598877 35.685653686523
139.76737976074 35.682907104492
139.7632598877 35.684280395508
139.76600646973 35.682907104492
139.7632598877 35.681533813477
139.76737976074 35.682907104492
139.75776672363 35.687026977539
139.76737976074 35.682907104492
139.76875305176 35.688400268555
139.76600646973 35.682907104492
139.7632598877 35.681533813477
139.76051330566003 35.682907104492
139.75914001465 35.682907104492
139.76737976074 35.681533813477
139.766693 35.681534
139.76188659668 35.681533813477
139.7632598877 35.681533813477
139.75776672363 35.681533813477
139.76875305176 35.685653686523
139.76737976074 35.682907104492
139.76051330566003 35.685653686523
139.76463317871 35.684280395508
139.75639343262 35.68977355957
139.7632598877 35.687026977539
139.76051330566003 35.685653686523
139.76875305176 35.684280395508
139.76188659668 35.687026977539
139.76463317871 35.684280395508
139.76600646973 35.681533813477
139.76051330566003 35.684280395508
139.76600646973 35.681533813477
139.764175 35.685654
139.76188659668 35.68977355957
139.75776672363 35.68977355957
139.76051330566003 35.688400268555
139.75776672363 35.681533813477
139.75776672363 35.685653686523
139.76737976074 35.681533813477
139.76875305176 35.684280395508
139.75776672363 35.681533813477
139.76737976074 35.681533813477
139.76463317871 35.684280395508
139.76737976074 35.681533813477
139.76737976074 35.681533813477
139.76463317871 35.685653686523
139.75639343262 35.68977355957
139.76188659668 35.685653686523
139.76875305176 35.681533813477
139.76737976074 35.681533813477
139.76600646973 35.682907104492
139.76463317871 35.682907104492
139.76737976074 35.681533813477
139.76600646973 35.684280395508
139.76463317871 35.685653686523
139.76600646973 35.688400268555
139.76600646973 35.68977355957
139.76188659668 35.68977355957
139.76188659668 35.688400268555
139.76600646973 35.685653686523
139.76463317871 35.681533813477
139.76600646973 35.684280395508
139.76463317871 35.687026977539
139.76600646973 35.684280395508
139.76600646973 35.684280395508
139.76600646973 35.684280395508
139.75914001465 35.68977355957
139.7632598877 35.688400268555
139.76051330566003 35.68977355957
139.75914001465 35.68977355957
139.76188659668 35.68977355957
139.75914001465 35.68977355957
139.75227355957 35.68977355957
139.7632598877 35.688400268555
139.76600646973 35.687026977539
139.7632598877 35.68977355957
139.766006 35.687714
139.7632598877 35.68977355957
139.7632598877 35.68977355957
139.76188659668 35.68977355957
139.76600646973 35.68977355957
139.76737976074 35.688400268555
139.76875305176 35.688400268555
139.76737976074 35.68977355957
139.76463317871 35.68977355957
139.76600646973 35.688400268555
139.76875305176 35.687026977539
139.76463317871 35.688400268555
139.76737976074 35.688400268555
139.7632598877 35.68977355957
139.76875305176 35.68977355957
139.76875305176 35.687026977539
139.76875305176 35.688400268555
139.768753 35.687943
139.7550201416 35.682907104492
139.75227355957 35.68977355957
139.75639343262 35.68977355957
139.75364685058997 35.68977355957
139.76051330566003 35.688400268555
139.75227355957 35.688400268555
139.761887 35.68748499999999
139.76188659668 35.68977355957
139.76051330566003 35.68977355957
139.75914001465 35.68977355957
139.76051330566003 35.688400268555
139.76051330566003 35.687026977539
139.755707 35.689774
139.75364685058997 35.68977355957
139.75776672363 35.68977355957
139.76051330566003 35.68977355957
139.76541799999998 35.689774
139.76234399999998 35.684624
139.76188659668 35.681533813477
139.76600646973 35.688400268555
139.766739 35.68180800000001
139.76188659668 35.687026977539
139.76737976074 35.681533813477
139.75776672363 35.685653686523
139.76463317871 35.685653686523
139.769377 35.6884
139.76875305176 35.687026977539
139.76875305176 35.684280395508
139.76600646973 35.684280395508
139.76737976074 35.68977355957
139.76875305176 35.684280395508
139.7632598877 35.685653686523
139.76737976074 35.681533813477
139.76737976074 35.681533813477
139.768066 35.681534
139.76188659668 35.68977355957
139.76463317871 35.685653686523
139.76737976074 35.681533813477
139.76875305176 35.684280395508
139.76875305176 35.688400268555
139.758453 35.685654
139.76737976074 35.681533813477
139.7550201416 35.68977355957
139.76051299999997 35.689774
139.76737976074 35.685653686523
139.76463317871 35.681533813477
139.759598 35.682907
139.76737976074 35.682907104492
139.76737976074 35.681533813477
139.768066 35.682907
139.768295 35.68428
139.76463317871 35.687026977539
139.766006 35.686569
139.76738 35.685654
139.76463317871 35.687026977539
139.76600646973 35.685653686523
139.75776672363 35.684280395508
139.76600646973 35.681533813477
139.76600646973 35.681533813477
139.76600646973 35.684280395508
139.76875305176 35.682907104492
139.76600646973 35.681533813477
139.7632598877 35.681533813477
139.76738 35.682024
139.76737976074 35.681533813477
139.76875305176 35.682907104492
139.76737976074 35.681533813477
139.76600646973 35.681533813477
139.76737976074 35.681533813477
139.766323 35.681534
139.76737976074 35.681533813477
139.76737976074 35.681533813477
139.76737976074 35.681533813477
139.76703600000002 35.681877
139.76875305176 35.684280395508
139.76463317871 35.682907104492
139.76737976074 35.681533813477
139.76532 35.68428
139.76600646973 35.681533813477
139.76600646973 35.681533813477
139.76737976074 35.681533813477
139.76737976074 35.681533813477
139.76748500000002 35.68163900000001
139.76737976074 35.681533813477
139.766693 35.681534
139.76737976074 35.681533813477
139.767075 35.681534
139.76875305176 35.684280395508
139.76737976074 35.682907104492
139.76875305176 35.682907104492
139.7632598877 35.68977355957
139.764633 35.689636
139.764462 35.689774
139.76463317871 35.682907104492
139.76463317871 35.682907104492
139.759827 35.682907
139.76188659668 35.687026977539
139.76737976074 35.684280395508
139.76875305176 35.681533813477
139.76463317871 35.688400268555
139.76875305176 35.688400268555
139.76737976074 35.688400268555
139.769669 35.6884
139.75776672363 35.68977355957
139.76326 35.689087
139.76600646973 35.688400268555
139.76875305176 35.685653686523
139.764175 35.688858
139.763947 35.689774
139.7632598877 35.68977355957
139.764633 35.685654
139.76188659668 35.681533813477
139.75914001465 35.681533813477
139.76371799999998 35.682449
139.763947 35.685654
139.76875305176 35.682907104492
139.76216100000002 35.68812600000001
139.76600646973 35.687026977539
139.76875305176 35.681533813477
139.76737976074 35.682907104492
139.76463317871 35.688400268555
139.76737976074 35.688400268555
139.7612 35.685654
139.7632598877 35.684280395508
139.76188659668 35.684280395508
139.76051330566003 35.684280395508
139.76106299999998 35.684554999999996
139.76759099999998 35.68428
139.767517 35.682907
139.76944 35.687027
139.765549 35.6884
139.76463317871 35.685653686523
139.768004 35.68428
139.76600646973 35.688400268555
139.752823 35.689774
139.7632598877 35.684280395508
139.75914001465 35.688400268555
139.76875305176 35.681533813477
139.769669 35.6884
139.767654 35.686203000000006
139.76737976074 35.685653686523
139.76875305176 35.687026977539
139.76188659668 35.688400268555
139.766922 35.687027
139.768295 35.687027
139.76188659668 35.681533813477
139.76188659668 35.687026977539
139.76051330566003 35.685653686523
139.76188659668 35.687026977539
139.76463317871 35.688400268555
139.763603 35.6884
139.76841000000002 35.685654
139.76463317871 35.685653686523
139.763603 35.68737
139.76463317871 35.688400268555
139.76875305176 35.685653686523
139.76737976074 35.685653686523
139.76875305176 35.687026977539
139.76737976074 35.684280395508
139.76463317871 35.68977355957
139.76463317871 35.682907104492
139.76737976074 35.68977355957
139.76861599999998 35.687302
139.76486200000002 35.682907
139.76875305176 35.687026977539
139.76463317871 35.68977355957
139.765549 35.6884
139.76463317871 35.685653686523
139.766922 35.687027
139.760925 35.687988
139.76875305176 35.688400268555
139.76737976074 35.684280395508
139.7632598877 35.68977355957
139.766693 35.687027
139.765663 35.68943
139.766006 35.684967
139.76463317871 35.687026977539
139.76600646973 35.681533813477
139.76188659668 35.682907104492
139.76463317871 35.687026977539
139.76188659668 35.682907104492
139.761887 35.6884
139.76463317871 35.687026977539
139.76463317871 35.687026977539
139.76463317871 35.687026977539
139.76463317871 35.687026977539
139.764915 35.683464
139.7632598877 35.68977355957
139.75227355957 35.68977355957
139.7632598877 35.688400268555
139.76051330566003 35.688400268555
139.7632598877 35.688400268555
139.76188659668 35.688400268555
139.76051330566003 35.68977355957
139.7632598877 35.68977355957
139.76875305176 35.684280395508
139.76600646973 35.688400268555
139.76875305176 35.688400268555
139.76737976074 35.681533813477
139.76600646973 35.681533813477
139.76600646973 35.681533813477
139.76737976074 35.682907104492
139.76737976074 35.681533813477
139.76737976074 35.681533813477
139.76875305176 35.685653686523
139.762802 35.686111
139.76188659668 35.688400268555
139.766006 35.682678
139.76875305176 35.68977355957
139.76463317871 35.682907104492
139.76875305176 35.687026977539
139.765549 35.682449
139.768295 35.687027
139.76875305176 35.682907104492
139.76463317871 35.68977355957
139.7632598877 35.684280395508
139.76737976074 35.684280395508
139.76737976074 35.68977355957
139.76463317871 35.68977355957
139.76600646973 35.687026977539
139.763947 35.689087
139.76188659668 35.687026977539
139.76463317871 35.688400268555
139.76600646973 35.685653686523
139.76600646973 35.687026977539
139.76737976074 35.688400268555
139.76051330566003 35.682907104492
139.76600646973 35.687026977539
139.75639343262 35.687026977539
139.76600646973 35.682907104492
139.76600646973 35.681533813477
139.76600646973 35.681533813477
139.76600646973 35.681533813477
139.76737976074 35.681533813477
139.76706299999998 35.681534
139.766617 35.681534
139.766852 35.681534
139.76486200000002 35.683594
139.76738 35.682856
139.764565 35.682907
139.76738 35.683953
139.76737976074 35.681533813477
139.76737976074 35.681533813477
139.76600646973 35.682907104492
139.76600646973 35.684280395508
139.76097099999998 35.682907
139.76085700000002 35.68222
139.76701599999998 35.685654
139.76737976074 35.688400268555
139.76584499999998 35.687269
139.759323 35.68959
139.76875305176 35.684280395508
139.766403 35.681507
139.76737976074 35.68977355957
139.76737976074 35.68977355957
139.760101 35.686615
139.76600646973 35.688400268555
139.76737976074 35.684280395508
139.762802 35.688858
139.765795 35.685654
139.76726200000002 35.684987
139.76478600000002 35.6884
139.76875305176 35.687026977539
139.769669 35.686569
139.768753 35.688077
139.76451200000002 35.68573400000001
139.76737976074 35.681533813477
139.76463317871 35.68977355957
139.76509099999998 35.689545
139.764359 35.689774
139.764359 35.689774
139.76051330566003 35.685653686523
139.76188659668 35.685653686523
139.761512 35.684405
139.7632598877 35.68977355957
139.76326 35.683594
139.76875305176 35.687026977539
139.76875305176 35.687026977539
139.76993000000002 35.682613
139.75914001465 35.68977355957
139.766422 35.687634
139.766006 35.685584999999996
139.76875305176 35.684280395508
139.76738 35.68156
139.76636200000002 35.681534
139.76726399999998 35.681534
139.7632598877 35.68977355957
139.76314 35.687326
139.76326 35.689457
139.766612 35.68428
139.76600646973 35.688400268555
139.768591 35.684927
139.76737976074 35.684280395508
139.764633 35.688606
139.752453 35.689893
139.765625 35.689621
139.763174 35.682478
139.76188659668 35.687026977539
139.76188659668 35.687026977539
139.76737976074 35.682907104492
139.768753 35.685732
139.766006 35.685065
139.769413 35.6884
139.76463317871 35.688400268555
139.75364685058997 35.682907104492
139.768448 35.6884
139.76326 35.688263
139.7632598877 35.68977355957
139.768727 35.687554999999996
139.76051299999997 35.682907
139.76501499999998 35.6884
139.764084 35.689499
139.76738 35.68340999999999
139.764976 35.687714
139.763385 35.6884
139.76600646973 35.687026977539
139.76737976074 35.684280395508
139.762573 35.68737
139.7632598877 35.681533813477
139.764175 35.689774
139.76600646973 35.681533813477
139.76875305176 35.684280395508
139.75247 35.689774
139.758453 35.688057
139.76737976074 35.681533813477
139.76875305176 35.687026977539
139.768825 35.684201
139.757767 35.681705
139.76463317871 35.682907104492
139.7632598877 35.685653686523
139.76463317871 35.682907104492
139.76600646973 35.681533813477
139.76738 35.68222
139.76051330566003 35.68977355957
139.76737976074 35.681533813477
139.76737976074 35.682907104492
139.768753 35.68748499999999
139.7550201416 35.684280395508
139.76737976074 35.681533813477
139.76463317871 35.687026977539
139.76188659668 35.688400268555
139.76463317871 35.68977355957
139.7632598877 35.682907104492
139.7632598877 35.684280395508
139.766281 35.686423
139.76737976074 35.681533813477
139.76737976074 35.682907104492
139.76875305176 35.685653686523
139.76875305176 35.687026977539
139.763678 35.68793400000001
139.766006 35.683594
139.756393 35.689087
139.767452 35.681967
139.76875305176 35.684280395508
139.7632598877 35.685653686523
139.76693799999998 35.682653
139.76707199999998 35.682102
139.763031 35.682678
139.76084699999998 35.682907
139.763836 35.68618
139.769897 35.683136
139.76326 35.685065
139.764123 35.689617
139.761737 35.68675800000001
139.76737976074 35.681533813477
139.768295 35.681992
139.76619399999998 35.687874
139.76606 35.681641
139.767076 35.681502
139.768753 35.68451599999999
139.76600646973 35.687026977539
139.765026 35.687027
139.764242 35.681711
139.768263 35.6884
139.76463317871 35.682907104492
139.760947 35.687315999999996
139.76463317871 35.681533813477
139.766213 35.683685
139.7632598877 35.682907104492
139.768753 35.68408400000001
139.767278 35.681534
139.767191 35.68210300000001
139.7632598877 35.685653686523
139.768753 35.685934
139.76875305176 35.687026977539
139.769226 35.686399
139.76737976074 35.681533813477
139.76463317871 35.681533813477
139.76869299999998 35.685311999999996
139.768109 35.68282100000001
139.764496 35.682358
139.764359 35.689774
139.763031 35.689774
139.76051330566003 35.685653686523
139.76165 35.682244
139.76625900000002 35.687616
139.768525 35.685762
139.76875305176 35.684280395508
139.767945 35.683501
139.760906 35.685752
139.764359 35.689499
139.765764 35.688105
139.766274 35.689575
139.766006 35.68718
139.7612 35.68634
139.76988400000002 35.687027
139.76515600000002 35.685915
139.767048 35.681585999999996
139.76875305176 35.685653686523
139.76875305176 35.687026977539
139.768672 35.689774
139.76738 35.689659000000006
139.756472 35.684142
139.76600646973 35.684280395508
139.763974 35.685598999999996
139.765102 35.68520200000001
139.760953 35.684875
139.766967 35.685148
139.76875305176 35.688400268555
139.767247 35.689729
139.76463317871 35.68977355957
139.760403 35.682361
139.763999 35.68575900000001
139.762978 35.685625
139.763269 35.681756
139.7645 35.684458
139.767464 35.681534
139.75502 35.686242
139.7632598877 35.682907104492
139.76463317871 35.681533813477
139.76875305176 35.688400268555
139.76463317871 35.687026977539
139.76442 35.683889
139.76875305176 35.687026977539
139.76875305176 35.681533813477
139.767125 35.684111
139.766922 35.681534
139.763947 35.681534
139.75456200000002 35.682907
139.765024 35.684526
139.759639 35.689710999999996
139.762868 35.689774
139.76737976074 35.681533813477
139.7632598877 35.687026977539
139.76737976074 35.681533813477
139.76643700000002 35.687687
139.76600646973 35.685653686523
139.76600646973 35.682907104492
139.768688 35.684215
139.76097099999998 35.682907
139.76188659668 35.688400268555
139.763377 35.68784799999999
139.76600646973 35.685653686523
139.768314 35.687302
139.769145 35.683888
139.76738 35.682809000000006
139.7686 35.684319
139.75914 35.682083
139.76051330566003 35.688400268555
139.75914001465 35.681533813477
139.75356599999998 35.689774
139.76738 35.68367
139.76658500000002 35.68616
139.76326 35.686615
139.76724199999998 35.689774
139.76463317871 35.687026977539
139.76873 35.686659999999996
139.76600646973 35.688400268555
139.75374399999998 35.681548
139.768361 35.68192600000001
139.766943 35.68197100000001
139.76646399999998 35.689774
139.76508 35.688257
139.76463317871 35.687026977539
139.76513500000001 35.689921999999996
139.76468799999998 35.687027
139.766693 35.6884
139.76600646973 35.685653686523
139.7632598877 35.684280395508
139.7632598877 35.684280395508
139.763809 35.685379
139.761543 35.682907
139.76463317871 35.687026977539
139.768813 35.688385
139.769028 35.6884
139.76737976074 35.68977355957
139.76600646973 35.688400268555
139.76738 35.689087
139.769158 35.688337
139.762573 35.684967
139.76188659668 35.685653686523
139.76188659668 35.685653686523
139.76188659668 35.685653686523
139.769235 35.686592
139.769519 35.68719799999999
139.76875305176 35.687026977539
139.7632598877 35.684280395508
139.76463317871 35.687026977539
139.76600646973 35.684280395508
139.761475 35.686066
139.76490800000002 35.68695800000001
139.7632598877 35.682907104492
139.76564 35.68595
139.769211 35.682907
139.76737976074 35.681533813477
139.767663 35.682826
139.76341200000002 35.685262
139.761783 35.681852
139.768753 35.688342999999996
139.768753 35.682907
139.76875305176 35.681533813477
139.76310700000002 35.685501
139.7632598877 35.685653686523
139.76600646973 35.684280395508
139.76737976074 35.681533813477
139.76463317871 35.687026977539
139.75776672363 35.682907104492
139.76463317871 35.687026977539
139.769777 35.68907
139.763947 35.685654
139.76463317871 35.687026977539
139.766006 35.683823
139.769135 35.686493
139.76188659668 35.682907104492
139.769147 35.686842
139.76600646973 35.681533813477
139.76188659668 35.685653686523
139.76743100000002 35.681534
139.76463317871 35.688400268555
139.76463317871 35.687026977539
139.7612 35.68222
139.76188659668 35.681533813477
139.76737976074 35.681533813477
139.76646399999998 35.682907
139.76600646973 35.687026977539
139.763832 35.68233499999999
139.766087 35.682154
139.763069 35.686036
139.76188659668 35.685653686523
139.76737976074 35.684280395508
139.767505 35.683032
139.766281 35.682495
139.76875305176 35.687026977539
139.769669 35.689163
139.76600646973 35.681533813477
139.765614 35.68428
139.76600646973 35.684280395508
139.76116100000002 35.684027
139.76421100000002 35.684944
139.76463317871 35.68977355957
139.76532 35.685654
139.7632598877 35.687026977539
139.76600646973 35.681533813477
139.76463317871 35.684280395508
139.76188659668 35.682907104492
139.76737976074 35.681533813477
139.76737976074 35.681533813477
139.76463317871 35.685653686523
139.76216100000002 35.685379
139.762573 35.68428
139.76051330566003 35.682907104492
139.769138 35.685767999999996
139.76737976074 35.681533813477
139.76463317871 35.687026977539
139.76737976074 35.685653686523
139.76600646973 35.685653686523
139.76737976074 35.688400268555
139.76944 35.688744
139.76875305176 35.68977355957
139.76463317871 35.688400268555
139.76188659668 35.684280395508
139.76503799999998 35.68464
139.76371799999998 35.683365
139.76737976074 35.685653686523
139.764633 35.68634
139.768753 35.686569
139.75776672363 35.682907104492
139.766595 35.686831
139.76463317871 35.687026977539
139.7632598877 35.681533813477
139.7632598877 35.688400268555
139.7637 35.687695
139.76463317871 35.684280395508
139.768677 35.685875
139.7632598877 35.685653686523
139.76737976074 35.681533813477
139.76326 35.68855300000001
139.76223000000002 35.6884
139.766693 35.6884
139.76463317871 35.687026977539
139.76223000000002 35.68325
139.76531699999998 35.68799600000001
139.768439 35.687871
139.76783799999998 35.682907
139.76463317871 35.687026977539
139.76463317871 35.687026977539
139.75968500000002 35.687246
139.766178 35.681534
139.76600646973 35.685653686523
139.76600646973 35.68977355957
139.76600646973 35.684280395508
139.76737976074 35.681533813477
139.766381 35.684031
139.76600646973 35.688400268555
139.765663 35.6884
139.761887 35.683594
139.76509099999998 35.685654
139.76875305176 35.681533813477
139.76600646973 35.684280395508
139.76463317871 35.687026977539
139.76188659668 35.688400268555
139.76737976074 35.681533813477
139.766203 35.681534
139.76600646973 35.684280395508
139.76875305176 35.687026977539
139.76463317871 35.685653686523
139.76326 35.684967
139.76463317871 35.685653686523
139.767685 35.681534
139.768066 35.684967
139.76463317871 35.685653686523
139.76463317871 35.688400268555
139.769096 35.68737
139.76783700000001 35.685654
139.76737976074 35.681533813477
139.766861 35.685154
139.756393 35.687851
139.76875305176 35.687026977539
139.76463317871 35.68977355957
139.767911 35.6884
139.768753 35.687108
139.76600646973 35.682907104492
139.76600646973 35.682907104492
139.76847800000002 35.682907
139.76188659668 35.681533813477
139.761337 35.682907
139.76738 35.681992
139.76737976074 35.682907104492
139.769302 35.686752
139.76188659668 35.687026977539
139.76188659668 35.681533813477
139.76737976074 35.681533813477
139.76600646973 35.681533813477
139.76737976074 35.685653686523
139.768677 35.685875
139.76600646973 35.684280395508
139.76463317871 35.687026977539
139.762966 35.689725
139.766114 35.682091
139.76463317871 35.687026977539
139.762402 35.68943
139.762039 35.681534
139.762507 35.684236
139.75617 35.687756
139.76463317871 35.687026977539
139.762943 35.689774
139.763417 35.689369
139.764633 35.686111
139.76326 35.687943
139.76463317871 35.68977355957
139.76463317871 35.68977355957
139.76600646973 35.681533813477
139.769821 35.683956
139.76188659668 35.685653686523
139.76890600000002 35.68718
139.760449 35.688339
139.753451 35.689774
139.76188659668 35.681533813477
139.762204 35.682854
139.764221 35.681992
139.76600646973 35.681533813477
139.764584 35.682809000000006
139.76600646973 35.681533813477
139.7632 35.681534
139.760788 35.685654
139.761722 35.684225
139.7632598877 35.687026977539
139.76051330566003 35.685653686523
139.76051330566003 35.685653686523
139.76051330566003 35.685653686523
139.75914001465 35.685653686523
139.75914001465 35.685653686523
139.758224 35.686111
139.7632598877 35.681533813477
139.759598 35.681992
139.76737976074 35.684280395508
139.763603 35.6884
139.768183 35.68425999999999
139.76188659668 35.688400268555
139.76188659668 35.682907104492
139.76875305176 35.684280395508
139.76600646973 35.684280395508
139.76371799999998 35.685654
139.76737976074 35.685653686523
139.76600646973 35.685653686523
139.76600646973 35.685653686523
139.76600646973 35.685653686523
139.766922 35.686111
139.764572 35.685283
139.76600646973 35.681533813477
139.76463317871 35.684280395508
139.765297 35.686514
139.762802 35.685425
139.764656 35.686137
139.76463317871 35.685653686523
139.76599 35.686228
139.76600646973 35.685653686523
139.763123 35.685654
139.761887 35.683594
139.766257 35.68966500000001
139.76616 35.686175
139.76737976074 35.68977355957
139.769302 35.683868
139.767151 35.6884
139.761429 35.682449
139.76371799999998 35.68748499999999
139.767505 35.681534
139.7632598877 35.687026977539
139.76944 35.68379
139.755805 35.68408400000001
139.75364685058997 35.687026977539
139.75593600000002 35.683365
139.769302 35.683319
139.76051299999997 35.689774
139.762917 35.689774
139.76223000000002 35.68531
139.76737976074 35.681533813477
139.76737976074 35.681533813477
139.76600646973 35.687026977539
139.7632598877 35.682907104492
139.76463317871 35.687026977539
139.76600646973 35.682907104492
139.76600646973 35.682907104492
139.76463317871 35.681533813477
139.76737976074 35.684280395508
139.76600646973 35.684280395508
139.767542 35.682915
139.76737976074 35.688400268555
139.76188659668 35.685653686523
139.76051330566003 35.684280395508
139.75914001465 35.681533813477
139.75914001465 35.681533813477
139.76463317871 35.687026977539
139.76875305176 35.682907104492
139.76463317871 35.688400268555
139.76737976074 35.685653686523
139.765614 35.681534
139.76600646973 35.681533813477
139.76051330566003 35.685653686523
139.76463317871 35.684280395508
139.76600646973 35.688400268555
139.7632598877 35.688400268555
139.7632598877 35.687026977539
139.76600646973 35.681533813477
139.76600646973 35.682907104492
139.76737976074 35.681533813477
139.76639699999998 35.685894
139.76600646973 35.681533813477
139.76600646973 35.685653686523
139.76737976074 35.681533813477
139.76463317871 35.682907104492
139.76463317871 35.68977355957
139.767074 35.68320100000001
139.765297 35.686514
139.76737976074 35.68977355957
139.76875305176 35.684280395508
139.76875305176 35.681533813477
139.76463317871 35.682907104492
139.765976 35.688947999999996
139.768753 35.684109
139.76841000000002 35.68428
139.76600646973 35.68977355957
139.76737976074 35.68977355957
139.76463317871 35.688400268555
139.76875305176 35.684280395508
139.76463317871 35.682907104492
139.75723200000002 35.68486
139.76463317871 35.684280395508
139.76737976074 35.681533813477
139.76875305176 35.684280395508
139.76600646973 35.687026977539
139.76600646973 35.681533813477
139.76875305176 35.684280395508
139.766693 35.681534
139.76646399999998 35.681534
139.768295 35.681534
139.76737976074 35.681533813477
139.76738 35.682678
139.76737976074 35.681533813477
139.7632598877 35.687026977539
139.76875305176 35.687026977539
139.768753 35.687714
139.76463317871 35.687026977539
139.76051330566003 35.685653686523
139.76600646973 35.681533813477
139.763522 35.682515
139.76188659668 35.688400268555
139.76463317871 35.684280395508
139.75914001465 35.682907104492
139.76463317871 35.681533813477
139.76737976074 35.681533813477
139.76737976074 35.681533813477
139.765966 35.686596
139.76225 35.687386
139.76487 35.688177
139.762848 35.68359
139.764817 35.688213
139.768921 35.681778
139.768128 35.684271
139.769165 35.682583
139.769661 35.688537
139.767944 35.687016
139.768321 35.687107
139.76384 35.685108
139.76996599999998 35.68813
139.768234 35.68433800000001
139.766663 35.687838
139.763611 35.686893
139.76548300000002 35.684215
139.765274 35.683067
139.765274 35.683067
139.765274 35.683067
139.765274 35.683067
139.765274 35.683067
139.765274 35.683067
139.765274 35.683067
139.765274 35.683067
139.765274 35.683067
139.766175 35.686358
139.767593 35.687683
139.767593 35.687683
139.767593 35.687683
139.767593 35.687683
139.76586899999998 35.68663400000001
139.76586899999998 35.68663400000001
139.76586899999998 35.68663400000001
139.76586899999998 35.68663400000001
139.76596899999998 35.686291
139.76586899999998 35.68663400000001
139.766068 35.685947
139.766068 35.685947
139.766068 35.685947
139.766068 35.685947
139.766068 35.685947
